--- asteroids vs asteroids ---
0 1 0.00984767 -0.785398
0 2 0.0130306 0.124834
0 3 0.00214049 0.785398
0 4 0.00623482 -0.482601
1 2 0.00588251 0.785398
1 3 0.00394684 0.50271
1 4 0.00254086 -0.785398
2 3 0.00133716 0.71095
2 4 0.0026091 -0.236286
3 4 0.00196342 0.785398
--- asteroids vs planets ---
0 0 0.0421598 -0.115785
0 1 0.0240522 -0.618542
0 2 0.0183015 -0.0259845
0 3 0.0262778 -0.785398
0 4 0.346923 0.785398
1 0 0.029998 0.785398
1 1 0.112259 0.785398
1 2 0.0206071 0.785398
1 3 0.129746 -0.0117806
1 4 0.0172212 -0.785398
2 0 0.0524781 -0.738178
2 1 0.122633 0.0310331
2 2 0.0992368 -0.785398
2 3 0.0180608 0.329648
2 4 0.0158358 -0.615575
3 0 0.069905 0.725968
3 1 0.0265832 0.785398
3 2 0.234807 0.785398
3 3 0.00923381 0.785398
3 4 0.0259004 0.091902
4 0 0.0365812 0.441387
4 1 0.036905 -0.166404
4 2 0.017161 0.330307
4 3 0.0912023 -0.785398
4 4 0.05982 0.785398
5 0 0.0327817 0.785398
5 1 0.142699 0.785398
5 2 0.0236625 0.785398
5 3 0.0966177 -0.009882
5 4 0.0174165 -0.785398
6 0 0.0571188 -0.640208
6 1 0.1085 0.214752
6 2 0.129781 -0.785398
6 3 0.0159135 0.395097
6 4 0.0157631 -0.561402
7 0 0.0475575 -0.581726
7 1 0.0200723 -0.785398
7 2 0.0222415 -0.313974
7 3 0.0157765 0.785398
7 4 2.83593 -0.785398
8 0 0.0288021 0.655805
8 1 0.0384492 0.105867
8 2 0.0153566 0.486489
8 3 0.260577 -0.785398
8 4 0.0351935 0.785398
9 0 0.0314924 0.785398
9 1 0.0901951 0.771944
9 2 0.020439 0.785398
9 3 0.322818 -0.0173581
9 4 0.0209363 -0.785398

******************** ITERATION *******************
--- asteroids vs asteroids ---
0 1 0.00984767 -0.785398
0 2 0.0130306 0.124834
0 3 0.00214049 0.785398
0 4 0.00623483 -0.482601
1 2 0.00588251 0.785398
1 3 0.00394684 0.50271
1 4 0.00254087 -0.785398
2 3 0.00133716 0.71095
2 4 0.0026091 -0.236286
3 4 0.00196342 0.785398
--- asteroids vs planets ---
0 0 0.0421598 -0.115785
0 1 0.0240522 -0.618542
0 2 0.0183015 -0.0259845
0 3 0.0262778 -0.785398
0 4 0.346923 0.785398
1 0 0.029998 0.785398
1 1 0.112259 0.785398
1 2 0.0206071 0.785398
1 3 0.129746 -0.0117806
1 4 0.0172212 -0.785398
2 0 0.0524781 -0.738178
2 1 0.122633 0.0310331
2 2 0.0992368 -0.785398
2 3 0.0180608 0.329648
2 4 0.0158358 -0.615575
3 0 0.069905 0.725968
3 1 0.0265832 0.785398
3 2 0.234807 0.785398
3 3 0.00923381 0.785398
3 4 0.0259004 0.0919021
4 0 0.0365812 0.441387
4 1 0.036905 -0.166403
4 2 0.017161 0.330307
4 3 0.0912023 -0.785398
4 4 0.0598201 0.785398
5 0 0.0327817 0.785398
5 1 0.142699 0.785398
5 2 0.0236625 0.785398
5 3 0.0966178 -0.00988197
5 4 0.0174165 -0.785398
6 0 0.0571188 -0.640209
6 1 0.1085 0.214752
6 2 0.129781 -0.785398
6 3 0.0159135 0.395097
6 4 0.0157631 -0.561402
7 0 0.0475575 -0.581726
7 1 0.0200723 -0.785398
7 2 0.0222415 -0.313974
7 3 0.0157765 0.785398
7 4 2.83592 -0.785398
8 0 0.0288021 0.655805
8 1 0.0384491 0.105867
8 2 0.0153566 0.486489
8 3 0.260577 -0.785398
8 4 0.0351935 0.785398
9 0 0.0314924 0.785398
9 1 0.0901951 0.771944
9 2 0.020439 0.785398
9 3 0.322818 -0.0173581
9 4 0.0209363 -0.785398

******************** ITERATION *******************
--- asteroids vs asteroids ---
0 1 0.00984767 -0.785398
0 2 0.0130306 0.124834
0 3 0.00214049 0.785398
0 4 0.00623483 -0.482601
1 2 0.00588251 0.785398
1 3 0.00394684 0.50271
1 4 0.00254087 -0.785398
2 3 0.00133716 0.71095
2 4 0.0026091 -0.236285
3 4 0.00196342 0.785398
--- asteroids vs planets ---
0 0 0.0421598 -0.115785
0 1 0.0240522 -0.618542
0 2 0.0183015 -0.0259845
0 3 0.0262778 -0.785398
0 4 0.346923 0.785398
1 0 0.029998 0.785398
1 1 0.112259 0.785398
1 2 0.0206071 0.785398
1 3 0.129746 -0.0117805
1 4 0.0172212 -0.785398
2 0 0.0524781 -0.738178
2 1 0.122633 0.031033
2 2 0.0992368 -0.785398
2 3 0.0180608 0.329648
2 4 0.0158358 -0.615575
3 0 0.069905 0.725968
3 1 0.0265832 0.785398
3 2 0.234807 0.785398
3 3 0.00923382 0.785398
3 4 0.0259004 0.0919024
4 0 0.0365812 0.441387
4 1 0.036905 -0.166403
4 2 0.017161 0.330307
4 3 0.0912023 -0.785398
4 4 0.0598201 0.785398
5 0 0.0327817 0.785398
5 1 0.142699 0.785398
5 2 0.0236625 0.785398
5 3 0.0966178 -0.00988191
5 4 0.0174165 -0.785398
6 0 0.0571188 -0.640209
6 1 0.1085 0.214752
6 2 0.129781 -0.785398
6 3 0.0159135 0.395098
6 4 0.0157631 -0.561402
7 0 0.0475575 -0.581726
7 1 0.0200723 -0.785398
7 2 0.0222415 -0.313974
7 3 0.0157765 0.785398
7 4 2.83591 -0.785398
8 0 0.0288021 0.655805
8 1 0.0384491 0.105867
8 2 0.0153566 0.486489
8 3 0.260577 -0.785398
8 4 0.0351935 0.785398
9 0 0.0314924 0.785398
9 1 0.090195 0.771944
9 2 0.020439 0.785398
9 3 0.322818 -0.017358
9 4 0.0209363 -0.785398

******************** ITERATION *******************
--- asteroids vs asteroids ---
0 1 0.00984767 -0.785398
0 2 0.0130306 0.124834
0 3 0.00214049 0.785398
0 4 0.00623484 -0.4826
1 2 0.00588251 0.785398
1 3 0.00394684 0.502711
1 4 0.00254087 -0.785398
2 3 0.00133716 0.71095
2 4 0.00260911 -0.236285
3 4 0.00196342 0.785398
--- asteroids vs planets ---
0 0 0.0421598 -0.115785
0 1 0.0240522 -0.618542
0 2 0.0183015 -0.0259845
0 3 0.0262778 -0.785398
0 4 0.346923 0.785398
1 0 0.029998 0.785398
1 1 0.112259 0.785398
1 2 0.0206071 0.785398
1 3 0.129746 -0.0117804
1 4 0.0172212 -0.785398
2 0 0.0524781 -0.738178
2 1 0.122633 0.0310329
2 2 0.0992368 -0.785398
2 3 0.0180608 0.329648
2 4 0.0158358 -0.615575
3 0 0.069905 0.725968
3 1 0.0265832 0.785398
3 2 0.234807 0.785398
3 3 0.00923382 0.785398
3 4 0.0259004 0.0919027
4 0 0.0365811 0.441387
4 1 0.036905 -0.166403
4 2 0.017161 0.330307
4 3 0.0912022 -0.785398
4 4 0.0598201 0.785398
5 0 0.0327817 0.785398
5 1 0.142698 0.785398
5 2 0.0236625 0.785398
5 3 0.0966179 -0.00988182
5 4 0.0174165 -0.785398
6 0 0.0571188 -0.640209
6 1 0.1085 0.214752
6 2 0.129781 -0.785398
6 3 0.0159135 0.395098
6 4 0.0157631 -0.561402
7 0 0.0475575 -0.581726
7 1 0.0200723 -0.785398
7 2 0.0222415 -0.313973
7 3 0.0157765 0.785398
7 4 2.83588 -0.785398
8 0 0.0288021 0.655805
8 1 0.0384491 0.105867
8 2 0.0153566 0.486489
8 3 0.260576 -0.785398
8 4 0.0351936 0.785398
9 0 0.0314924 0.785398
9 1 0.090195 0.771944
9 2 0.020439 0.785398
9 3 0.322818 -0.0173578
9 4 0.0209364 -0.785398

******************** ITERATION *******************
--- asteroids vs asteroids ---
0 1 0.00984767 -0.785398
0 2 0.0130306 0.124834
0 3 0.00214049 0.785398
0 4 0.00623485 -0.4826
1 2 0.00588251 0.785398
1 3 0.00394684 0.502711
1 4 0.00254087 -0.785398
2 3 0.00133716 0.71095
2 4 0.00260911 -0.236285
3 4 0.00196342 0.785398
--- asteroids vs planets ---
0 0 0.0421598 -0.115785
0 1 0.0240522 -0.618542
0 2 0.0183015 -0.0259845
0 3 0.0262778 -0.785398
0 4 0.346923 0.785398
1 0 0.029998 0.785398
1 1 0.112259 0.785398
1 2 0.0206071 0.785398
1 3 0.129747 -0.0117803
1 4 0.0172212 -0.785398
2 0 0.0524781 -0.738179
2 1 0.122633 0.0310328
2 2 0.0992368 -0.785398
2 3 0.0180608 0.329648
2 4 0.0158358 -0.615575
3 0 0.069905 0.725969
3 1 0.0265832 0.785398
3 2 0.234808 0.785398
3 3 0.00923382 0.785398
3 4 0.0259005 0.0919032
4 0 0.0365811 0.441387
4 1 0.036905 -0.166403
4 2 0.017161 0.330307
4 3 0.0912022 -0.785398
4 4 0.0598202 0.785398
5 0 0.0327817 0.785398
5 1 0.142698 0.785398
5 2 0.0236625 0.785398
5 3 0.0966179 -0.00988169
5 4 0.0174165 -0.785398
6 0 0.0571188 -0.640209
6 1 0.1085 0.214752
6 2 0.129781 -0.785398
6 3 0.0159135 0.395098
6 4 0.0157631 -0.561402
7 0 0.0475575 -0.581726
7 1 0.0200723 -0.785398
7 2 0.0222415 -0.313973
7 3 0.0157765 0.785398
7 4 2.83585 -0.785398
8 0 0.0288021 0.655805
8 1 0.0384491 0.105867
8 2 0.0153566 0.486489
8 3 0.260576 -0.785398
8 4 0.0351936 0.785398
9 0 0.0314924 0.785398
9 1 0.0901949 0.771944
9 2 0.020439 0.785398
9 3 0.322819 -0.0173576
9 4 0.0209364 -0.785398

******************** ITERATION *******************
--- asteroids vs asteroids ---
0 1 0.00984768 -0.785398
0 2 0.0130306 0.124834
0 3 0.00214049 0.785398
0 4 0.00623487 -0.4826
1 2 0.00588251 0.785398
1 3 0.00394683 0.502711
1 4 0.00254088 -0.785398
2 3 0.00133716 0.71095
2 4 0.00260911 -0.236284
3 4 0.00196342 0.785398
--- asteroids vs planets ---
0 0 0.0421598 -0.115785
0 1 0.0240522 -0.618542
0 2 0.0183015 -0.0259845
0 3 0.0262778 -0.785398
0 4 0.346923 0.785398
1 0 0.029998 0.785398
1 1 0.112259 0.785398
1 2 0.0206071 0.785398
1 3 0.129747 -0.0117801
1 4 0.0172212 -0.785398
2 0 0.0524782 -0.738179
2 1 0.122633 0.0310326
2 2 0.0992368 -0.785398
2 3 0.0180608 0.329649
2 4 0.0158358 -0.615575
3 0 0.0699051 0.725969
3 1 0.0265832 0.785398
3 2 0.234808 0.785398
3 3 0.00923382 0.785398
3 4 0.0259005 0.0919038
4 0 0.0365811 0.441387
4 1 0.036905 -0.166403
4 2 0.017161 0.330307
4 3 0.0912021 -0.785398
4 4 0.0598202 0.785398
5 0 0.0327817 0.785398
5 1 0.142698 0.785398
5 2 0.0236625 0.785398
5 3 0.096618 -0.00988154
5 4 0.0174165 -0.785398
6 0 0.0571188 -0.640209
6 1 0.1085 0.214752
6 2 0.129781 -0.785398
6 3 0.0159135 0.395098
6 4 0.0157632 -0.561401
7 0 0.0475575 -0.581725
7 1 0.0200723 -0.785398
7 2 0.0222415 -0.313973
7 3 0.0157765 0.785398
7 4 2.83581 -0.785398
8 0 0.0288021 0.655805
8 1 0.0384491 0.105867
8 2 0.0153566 0.486489
8 3 0.260576 -0.785398
8 4 0.0351936 0.785398
9 0 0.0314924 0.785398
9 1 0.0901949 0.771944
9 2 0.020439 0.785398
9 3 0.322819 -0.0173573
9 4 0.0209364 -0.785398

******************** ITERATION *******************
--- asteroids vs asteroids ---
0 1 0.00984768 -0.785398
0 2 0.0130306 0.124834
0 3 0.00214049 0.785398
0 4 0.00623489 -0.482599
1 2 0.00588252 0.785398
1 3 0.00394683 0.502711
1 4 0.00254088 -0.785398
2 3 0.00133716 0.71095
2 4 0.00260912 -0.236284
3 4 0.00196342 0.785398
--- asteroids vs planets ---
0 0 0.0421597 -0.115785
0 1 0.0240522 -0.618542
0 2 0.0183015 -0.0259845
0 3 0.0262778 -0.785398
0 4 0.346923 0.785398
1 0 0.029998 0.785398
1 1 0.112259 0.785398
1 2 0.0206071 0.785398
1 3 0.129747 -0.0117799
1 4 0.0172213 -0.785398
2 0 0.0524782 -0.738179
2 1 0.122633 0.0310324
2 2 0.0992368 -0.785398
2 3 0.0180608 0.329649
2 4 0.0158358 -0.615575
3 0 0.0699051 0.725969
3 1 0.0265832 0.785398
3 2 0.234808 0.785398
3 3 0.00923382 0.785398
3 4 0.0259005 0.0919045
4 0 0.0365811 0.441387
4 1 0.0369049 -0.166403
4 2 0.017161 0.330307
4 3 0.0912021 -0.785398
4 4 0.0598203 0.785398
5 0 0.0327817 0.785398
5 1 0.142698 0.785398
5 2 0.0236625 0.785398
5 3 0.0966182 -0.00988136
5 4 0.0174166 -0.785398
6 0 0.0571188 -0.640209
6 1 0.1085 0.214752
6 2 0.129781 -0.785398
6 3 0.0159135 0.395098
6 4 0.0157632 -0.561401
7 0 0.0475575 -0.581725
7 1 0.0200723 -0.785398
7 2 0.0222415 -0.313973
7 3 0.0157765 0.785398
7 4 2.83576 -0.785398
8 0 0.0288021 0.655805
8 1 0.0384491 0.105867
8 2 0.0153566 0.486489
8 3 0.260575 -0.785398
8 4 0.0351937 0.785398
9 0 0.0314924 0.785398
9 1 0.0901948 0.771943
9 2 0.020439 0.785398
9 3 0.32282 -0.017357
9 4 0.0209364 -0.785398

******************** ITERATION *******************
--- asteroids vs asteroids ---
0 1 0.00984768 -0.785398
0 2 0.0130306 0.124834
0 3 0.00214049 0.785398
0 4 0.00623491 -0.482599
1 2 0.00588252 0.785398
1 3 0.00394683 0.502712
1 4 0.00254089 -0.785398
2 3 0.00133716 0.710951
2 4 0.00260912 -0.236283
3 4 0.00196342 0.785398
--- asteroids vs planets ---
0 0 0.0421597 -0.115785
0 1 0.0240522 -0.618541
0 2 0.0183015 -0.0259844
0 3 0.0262778 -0.785398
0 4 0.346923 0.785398
1 0 0.029998 0.785398
1 1 0.112258 0.785398
1 2 0.0206071 0.785398
1 3 0.129747 -0.0117796
1 4 0.0172213 -0.785398
2 0 0.0524782 -0.738179
2 1 0.122633 0.0310321
2 2 0.0992368 -0.785398
2 3 0.0180608 0.329649
2 4 0.0158359 -0.615575
3 0 0.0699051 0.725969
3 1 0.0265832 0.785398
3 2 0.234808 0.785398
3 3 0.00923382 0.785398
3 4 0.0259006 0.0919053
4 0 0.0365811 0.441387
4 1 0.0369049 -0.166403
4 2 0.017161 0.330307
4 3 0.091202 -0.785398
4 4 0.0598204 0.785398
5 0 0.0327817 0.785398
5 1 0.142698 0.785398
5 2 0.0236625 0.785398
5 3 0.0966183 -0.00988114
5 4 0.0174166 -0.785398
6 0 0.0571189 -0.640209
6 1 0.1085 0.214751
6 2 0.129781 -0.785398
6 3 0.0159135 0.395098
6 4 0.0157632 -0.561401
7 0 0.0475575 -0.581725
7 1 0.0200723 -0.785398
7 2 0.0222415 -0.313973
7 3 0.0157765 0.785398
7 4 2.8357 -0.785398
8 0 0.0288021 0.655805
8 1 0.038449 0.105868
8 2 0.0153566 0.486489
8 3 0.260575 -0.785398
8 4 0.0351937 0.785398
9 0 0.0314924 0.785398
9 1 0.0901947 0.771943
9 2 0.020439 0.785398
9 3 0.322821 -0.0173567
9 4 0.0209365 -0.785398

******************** ITERATION *******************
--- asteroids vs asteroids ---
0 1 0.00984769 -0.785398
0 2 0.0130306 0.124834
0 3 0.00214049 0.785398
0 4 0.00623493 -0.482599
1 2 0.00588252 0.785398
1 3 0.00394683 0.502712
1 4 0.00254089 -0.785398
2 3 0.00133716 0.710951
2 4 0.00260913 -0.236283
3 4 0.00196343 0.785398
--- asteroids vs planets ---
0 0 0.0421597 -0.115785
0 1 0.0240522 -0.618541
0 2 0.0183015 -0.0259844
0 3 0.0262777 -0.785398
0 4 0.346923 0.785398
1 0 0.029998 0.785398
1 1 0.112258 0.785398
1 2 0.0206071 0.785398
1 3 0.129747 -0.0117793
1 4 0.0172213 -0.785398
2 0 0.0524782 -0.738179
2 1 0.122633 0.0310318
2 2 0.0992368 -0.785398
2 3 0.0180608 0.329649
2 4 0.0158359 -0.615575
3 0 0.0699052 0.725969
3 1 0.0265833 0.785398
3 2 0.234808 0.785398
3 3 0.00923382 0.785398
3 4 0.0259006 0.0919062
4 0 0.0365811 0.441387
4 1 0.0369049 -0.166402
4 2 0.017161 0.330307
4 3 0.0912019 -0.785398
4 4 0.0598205 0.785398
5 0 0.0327817 0.785398
5 1 0.142698 0.785398
5 2 0.0236625 0.785398
5 3 0.0966185 -0.0098809
5 4 0.0174166 -0.785398
6 0 0.0571189 -0.640209
6 1 0.1085 0.214751
6 2 0.129781 -0.785398
6 3 0.0159135 0.395099
6 4 0.0157633 -0.561401
7 0 0.0475574 -0.581725
7 1 0.0200723 -0.785398
7 2 0.0222414 -0.313973
7 3 0.0157765 0.785398
7 4 2.83564 -0.785398
8 0 0.0288021 0.655805
8 1 0.038449 0.105868
8 2 0.0153566 0.486489
8 3 0.260575 -0.785398
8 4 0.0351937 0.785398
9 0 0.0314924 0.785398
9 1 0.0901946 0.771943
9 2 0.020439 0.785398
9 3 0.322822 -0.0173562
9 4 0.0209365 -0.785398

******************** ITERATION *******************
--- asteroids vs asteroids ---
0 1 0.00984769 -0.785398
0 2 0.0130306 0.124834
0 3 0.00214049 0.785398
0 4 0.00623496 -0.482598
1 2 0.00588253 0.785398
1 3 0.00394683 0.502712
1 4 0.0025409 -0.785398
2 3 0.00133716 0.710951
2 4 0.00260913 -0.236282
3 4 0.00196343 0.785398
--- asteroids vs planets ---
0 0 0.0421597 -0.115785
0 1 0.0240522 -0.618541
0 2 0.0183015 -0.0259844
0 3 0.0262777 -0.785398
0 4 0.346922 0.785398
1 0 0.029998 0.785398
1 1 0.112258 0.785398
1 2 0.0206071 0.785398
1 3 0.129748 -0.011779
1 4 0.0172214 -0.785398
2 0 0.0524782 -0.738179
2 1 0.122634 0.0310315
2 2 0.0992368 -0.785398
2 3 0.0180608 0.329649
2 4 0.0158359 -0.615575
3 0 0.0699052 0.725969
3 1 0.0265833 0.785398
3 2 0.234808 0.785398
3 3 0.00923383 0.785398
3 4 0.0259007 0.0919073
4 0 0.0365811 0.441387
4 1 0.0369049 -0.166402
4 2 0.017161 0.330307
4 3 0.0912018 -0.785398
4 4 0.0598206 0.785398
5 0 0.0327817 0.785398
5 1 0.142698 0.785398
5 2 0.0236625 0.785398
5 3 0.0966187 -0.00988062
5 4 0.0174167 -0.785398
6 0 0.0571189 -0.64021
6 1 0.108501 0.214751
6 2 0.129781 -0.785398
6 3 0.0159135 0.395099
6 4 0.0157633 -0.561401
7 0 0.0475574 -0.581725
7 1 0.0200723 -0.785398
7 2 0.0222414 -0.313973
7 3 0.0157765 0.785398
7 4 2.83556 -0.785398
8 0 0.0288021 0.655805
8 1 0.038449 0.105868
8 2 0.0153566 0.486489
8 3 0.260574 -0.785398
8 4 0.0351938 0.785398
9 0 0.0314924 0.785398
9 1 0.0901945 0.771943
9 2 0.020439 0.785398
9 3 0.322823 -0.0173558
9 4 0.0209365 -0.785398

******************** ITERATION *******************
--- asteroids vs asteroids ---
0 1 0.0098477 -0.785398
0 2 0.0130306 0.124834
0 3 0.00214049 0.785398
0 4 0.00623499 -0.482597
1 2 0.00588253 0.785398
1 3 0.00394683 0.502713
1 4 0.00254091 -0.785398
2 3 0.00133716 0.710951
2 4 0.00260914 -0.236281
3 4 0.00196343 0.785398
--- asteroids vs planets ---
0 0 0.0421596 -0.115785
0 1 0.0240522 -0.61854
0 2 0.0183015 -0.0259843
0 3 0.0262777 -0.785398
0 4 0.346922 0.785398
1 0 0.029998 0.785398
1 1 0.112258 0.785398
1 2 0.0206071 0.785398
1 3 0.129748 -0.0117787
1 4 0.0172214 -0.785398
2 0 0.0524783 -0.73818
2 1 0.122634 0.0310311
2 2 0.0992368 -0.785398
2 3 0.0180609 0.32965
2 4 0.015836 -0.615575
3 0 0.0699052 0.72597
3 1 0.0265833 0.785398
3 2 0.234808 0.785398
3 3 0.00923383 0.785398
3 4 0.0259008 0.0919084
4 0 0.036581 0.441387
4 1 0.0369048 -0.166402
4 2 0.017161 0.330307
4 3 0.0912017 -0.785398
4 4 0.0598207 0.785398
5 0 0.0327817 0.785398
5 1 0.142697 0.785398
5 2 0.0236625 0.785398
5 3 0.0966189 -0.00988032
5 4 0.0174167 -0.785398
6 0 0.057119 -0.64021
6 1 0.108501 0.214751
6 2 0.129781 -0.785398
6 3 0.0159135 0.395099
6 4 0.0157633 -0.561401
7 0 0.0475574 -0.581725
7 1 0.0200723 -0.785398
7 2 0.0222414 -0.313973
7 3 0.0157765 0.785398
7 4 2.83548 -0.785398
8 0 0.0288021 0.655804
8 1 0.0384489 0.105868
8 2 0.0153566 0.486489
8 3 0.260573 -0.785398
8 4 0.0351939 0.785398
9 0 0.0314924 0.785398
9 1 0.0901943 0.771942
9 2 0.020439 0.785398
9 3 0.322824 -0.0173553
9 4 0.0209366 -0.785398

******************** ITERATION *******************
--- asteroids vs asteroids ---
0 1 0.0098477 -0.785398
0 2 0.0130306 0.124834
0 3 0.00214049 0.785398
0 4 0.00623502 -0.482597
1 2 0.00588253 0.785398
1 3 0.00394683 0.502713
1 4 0.00254092 -0.785398
2 3 0.00133716 0.710952
2 4 0.00260915 -0.236281
3 4 0.00196343 0.785398
--- asteroids vs planets ---
0 0 0.0421596 -0.115785
0 1 0.0240522 -0.61854
0 2 0.0183015 -0.0259843
0 3 0.0262777 -0.785398
0 4 0.346922 0.785398
1 0 0.029998 0.785398
1 1 0.112258 0.785398
1 2 0.0206071 0.785398
1 3 0.129749 -0.0117783
1 4 0.0172214 -0.785398
2 0 0.0524783 -0.73818
2 1 0.122634 0.0310307
2 2 0.0992368 -0.785398
2 3 0.0180609 0.32965
2 4 0.015836 -0.615575
3 0 0.0699053 0.72597
3 1 0.0265833 0.785398
3 2 0.234808 0.785398
3 3 0.00923383 0.785398
3 4 0.0259008 0.0919097
4 0 0.036581 0.441387
4 1 0.0369048 -0.166402
4 2 0.017161 0.330306
4 3 0.0912016 -0.785398
4 4 0.0598208 0.785398
5 0 0.0327817 0.785398
5 1 0.142697 0.785398
5 2 0.0236625 0.785398
5 3 0.0966191 -0.00987998
5 4 0.0174168 -0.785398
6 0 0.057119 -0.64021
6 1 0.108501 0.214751
6 2 0.129781 -0.785398
6 3 0.0159135 0.395099
6 4 0.0157634 -0.561401
7 0 0.0475574 -0.581724
7 1 0.0200723 -0.785398
7 2 0.0222414 -0.313973
7 3 0.0157765 0.785398
7 4 2.83539 -0.785398
8 0 0.028802 0.655804
8 1 0.0384489 0.105868
8 2 0.0153566 0.486489
8 3 0.260573 -0.785398
8 4 0.0351939 0.785398
9 0 0.0314924 0.785398
9 1 0.0901942 0.771942
9 2 0.020439 0.785398
9 3 0.322826 -0.0173547
9 4 0.0209366 -0.785398

******************** ITERATION *******************
--- asteroids vs asteroids ---
0 1 0.00984771 -0.785398
0 2 0.0130306 0.124834
0 3 0.00214049 0.785398
0 4 0.00623506 -0.482596
1 2 0.00588254 0.785398
1 3 0.00394683 0.502714
1 4 0.00254093 -0.785398
2 3 0.00133716 0.710952
2 4 0.00260916 -0.23628
3 4 0.00196344 0.785398
--- asteroids vs planets ---
0 0 0.0421596 -0.115785
0 1 0.0240521 -0.618539
0 2 0.0183015 -0.0259843
0 3 0.0262777 -0.785398
0 4 0.346922 0.785398
1 0 0.029998 0.785398
1 1 0.112258 0.785398
1 2 0.0206071 0.785398
1 3 0.129749 -0.0117778
1 4 0.0172215 -0.785398
2 0 0.0524783 -0.73818
2 1 0.122634 0.0310303
2 2 0.0992368 -0.785398
2 3 0.0180609 0.32965
2 4 0.0158361 -0.615575
3 0 0.0699054 0.72597
3 1 0.0265833 0.785398
3 2 0.234808 0.785398
3 3 0.00923384 0.785398
3 4 0.0259009 0.0919111
4 0 0.036581 0.441386
4 1 0.0369048 -0.166401
4 2 0.017161 0.330306
4 3 0.0912015 -0.785398
4 4 0.059821 0.785398
5 0 0.0327817 0.785398
5 1 0.142697 0.785398
5 2 0.0236625 0.785398
5 3 0.0966194 -0.00987962
5 4 0.0174168 -0.785398
6 0 0.057119 -0.64021
6 1 0.108501 0.214751
6 2 0.129781 -0.785398
6 3 0.0159136 0.3951
6 4 0.0157634 -0.561401
7 0 0.0475573 -0.581724
7 1 0.0200723 -0.785398
7 2 0.0222414 -0.313973
7 3 0.0157765 0.785398
7 4 2.83529 -0.785398
8 0 0.028802 0.655804
8 1 0.0384488 0.105868
8 2 0.0153566 0.486488
8 3 0.260572 -0.785398
8 4 0.035194 0.785398
9 0 0.0314924 0.785398
9 1 0.090194 0.771942
9 2 0.020439 0.785398
9 3 0.322827 -0.0173541
9 4 0.0209367 -0.785398

******************** ITERATION *******************
--- asteroids vs asteroids ---
0 1 0.00984772 -0.785398
0 2 0.0130306 0.124834
0 3 0.00214049 0.785398
0 4 0.0062351 -0.482595
1 2 0.00588254 0.785398
1 3 0.00394683 0.502715
1 4 0.00254094 -0.785398
2 3 0.00133716 0.710952
2 4 0.00260917 -0.236279
3 4 0.00196344 0.785398
--- asteroids vs planets ---
0 0 0.0421596 -0.115784
0 1 0.0240521 -0.618539
0 2 0.0183015 -0.0259842
0 3 0.0262777 -0.785398
0 4 0.346922 0.785398
1 0 0.029998 0.785398
1 1 0.112257 0.785398
1 2 0.0206071 0.785398
1 3 0.129749 -0.0117774
1 4 0.0172215 -0.785398
2 0 0.0524783 -0.738181
2 1 0.122635 0.0310298
2 2 0.0992368 -0.785398
2 3 0.0180609 0.329651
2 4 0.0158361 -0.615575
3 0 0.0699054 0.725971
3 1 0.0265834 0.785398
3 2 0.234808 0.785398
3 3 0.00923384 0.785398
3 4 0.025901 0.0919126
4 0 0.036581 0.441386
4 1 0.0369047 -0.166401
4 2 0.017161 0.330306
4 3 0.0912014 -0.785398
4 4 0.0598211 0.785398
5 0 0.0327817 0.785398
5 1 0.142697 0.785398
5 2 0.0236624 0.785398
5 3 0.0966197 -0.00987922
5 4 0.0174169 -0.785398
6 0 0.0571191 -0.640211
6 1 0.108502 0.21475
6 2 0.129781 -0.785398
6 3 0.0159136 0.3951
6 4 0.0157635 -0.561401
7 0 0.0475573 -0.581724
7 1 0.0200723 -0.785398
7 2 0.0222414 -0.313973
7 3 0.0157765 0.785398
7 4 2.83518 -0.785398
8 0 0.028802 0.655804
8 1 0.0384488 0.105869
8 2 0.0153565 0.486488
8 3 0.260571 -0.785398
8 4 0.0351941 0.785398
9 0 0.0314923 0.785398
9 1 0.0901938 0.771941
9 2 0.0204389 0.785398
9 3 0.322829 -0.0173534
9 4 0.0209368 -0.785398

******************** ITERATION *******************
--- asteroids vs asteroids ---
0 1 0.00984773 -0.785398
0 2 0.0130306 0.124834
0 3 0.00214049 0.785398
0 4 0.00623514 -0.482594
1 2 0.00588255 0.785398
1 3 0.00394683 0.502715
1 4 0.00254095 -0.785398
2 3 0.00133716 0.710952
2 4 0.00260918 -0.236278
3 4 0.00196345 0.785398
--- asteroids vs planets ---
0 0 0.0421595 -0.115784
0 1 0.0240521 -0.618538
0 2 0.0183015 -0.0259842
0 3 0.0262777 -0.785398
0 4 0.346921 0.785398
1 0 0.029998 0.785398
1 1 0.112257 0.785398
1 2 0.0206071 0.785398
1 3 0.12975 -0.0117768
1 4 0.0172216 -0.785398
2 0 0.0524784 -0.738181
2 1 0.122635 0.0310293
2 2 0.0992368 -0.785398
2 3 0.0180609 0.329651
2 4 0.0158362 -0.615575
3 0 0.0699055 0.725971
3 1 0.0265834 0.785398
3 2 0.234808 0.785398
3 3 0.00923384 0.785398
3 4 0.0259011 0.0919142
4 0 0.0365809 0.441386
4 1 0.0369047 -0.1664
4 2 0.017161 0.330306
4 3 0.0912012 -0.785398
4 4 0.0598213 0.785398
5 0 0.0327817 0.785398
5 1 0.142696 0.785398
5 2 0.0236624 0.785398
5 3 0.09662 -0.00987879
5 4 0.0174169 -0.785398
6 0 0.0571191 -0.640211
6 1 0.108502 0.21475
6 2 0.129781 -0.785398
6 3 0.0159136 0.395101
6 4 0.0157636 -0.561401
7 0 0.0475573 -0.581723
7 1 0.0200723 -0.785398
7 2 0.0222414 -0.313972
7 3 0.0157765 0.785398
7 4 2.83507 -0.785398
8 0 0.028802 0.655804
8 1 0.0384487 0.105869
8 2 0.0153565 0.486488
8 3 0.26057 -0.785398
8 4 0.0351942 0.785398
9 0 0.0314923 0.785398
9 1 0.0901936 0.771941
9 2 0.0204389 0.785398
9 3 0.322831 -0.0173526
9 4 0.0209368 -0.785398

******************** ITERATION *******************
--- asteroids vs asteroids ---
0 1 0.00984773 -0.785398
0 2 0.0130306 0.124834
0 3 0.00214049 0.785398
0 4 0.00623519 -0.482593
1 2 0.00588255 0.785398
1 3 0.00394683 0.502716
1 4 0.00254096 -0.785398
2 3 0.00133716 0.710953
2 4 0.00260919 -0.236277
3 4 0.00196345 0.785398
--- asteroids vs planets ---
0 0 0.0421595 -0.115784
0 1 0.0240521 -0.618538
0 2 0.0183014 -0.0259841
0 3 0.0262776 -0.785398
0 4 0.346921 0.785398
1 0 0.0299979 0.785398
1 1 0.112257 0.785398
1 2 0.0206071 0.785398
1 3 0.12975 -0.0117763
1 4 0.0172217 -0.785398
2 0 0.0524784 -0.738181
2 1 0.122635 0.0310287
2 2 0.0992369 -0.785398
2 3 0.0180609 0.329652
2 4 0.0158363 -0.615575
3 0 0.0699056 0.725971
3 1 0.0265834 0.785398
3 2 0.234808 0.785398
3 3 0.00923385 0.785398
3 4 0.0259012 0.091916
4 0 0.0365809 0.441386
4 1 0.0369046 -0.1664
4 2 0.017161 0.330306
4 3 0.0912011 -0.785398
4 4 0.0598214 0.785398
5 0 0.0327817 0.785398
5 1 0.142696 0.785398
5 2 0.0236624 0.785398
5 3 0.0966203 -0.00987834
5 4 0.017417 -0.785398
6 0 0.0571192 -0.640212
6 1 0.108502 0.21475
6 2 0.129781 -0.785398
6 3 0.0159136 0.395101
6 4 0.0157636 -0.5614
7 0 0.0475572 -0.581723
7 1 0.0200723 -0.785398
7 2 0.0222414 -0.313972
7 3 0.0157765 0.785398
7 4 2.83495 -0.785398
8 0 0.028802 0.655804
8 1 0.0384487 0.105869
8 2 0.0153565 0.486488
8 3 0.26057 -0.785398
8 4 0.0351943 0.785398
9 0 0.0314923 0.785398
9 1 0.0901934 0.771941
9 2 0.0204389 0.785398
9 3 0.322832 -0.0173519
9 4 0.0209369 -0.785398

******************** ITERATION *******************
--- asteroids vs asteroids ---
0 1 0.00984774 -0.785398
0 2 0.0130306 0.124834
0 3 0.00214049 0.785398
0 4 0.00623524 -0.482592
1 2 0.00588256 0.785398
1 3 0.00394683 0.502717
1 4 0.00254098 -0.785398
2 3 0.00133716 0.710953
2 4 0.0026092 -0.236275
3 4 0.00196345 0.785398
--- asteroids vs planets ---
0 0 0.0421594 -0.115784
0 1 0.0240521 -0.618537
0 2 0.0183014 -0.0259841
0 3 0.0262776 -0.785398
0 4 0.346921 0.785398
1 0 0.0299979 0.785398
1 1 0.112256 0.785398
1 2 0.0206071 0.785398
1 3 0.129751 -0.0117757
1 4 0.0172217 -0.785398
2 0 0.0524785 -0.738182
2 1 0.122636 0.0310281
2 2 0.0992369 -0.785398
2 3 0.018061 0.329652
2 4 0.0158363 -0.615575
3 0 0.0699056 0.725972
3 1 0.0265834 0.785398
3 2 0.234808 0.785398
3 3 0.00923385 0.785398
3 4 0.0259013 0.0919179
4 0 0.0365809 0.441386
4 1 0.0369046 -0.166399
4 2 0.017161 0.330306
4 3 0.0912009 -0.785398
4 4 0.0598216 0.785398
5 0 0.0327817 0.785398
5 1 0.142696 0.785398
5 2 0.0236624 0.785398
5 3 0.0966206 -0.00987785
5 4 0.0174171 -0.785398
6 0 0.0571192 -0.640212
6 1 0.108502 0.214749
6 2 0.129781 -0.785398
6 3 0.0159136 0.395101
6 4 0.0157637 -0.5614
7 0 0.0475572 -0.581723
7 1 0.0200723 -0.785398
7 2 0.0222414 -0.313972
7 3 0.0157765 0.785398
7 4 2.83481 -0.785398
8 0 0.028802 0.655803
8 1 0.0384486 0.105869
8 2 0.0153565 0.486488
8 3 0.260569 -0.785398
8 4 0.0351943 0.785398
9 0 0.0314923 0.785398
9 1 0.0901932 0.77194
9 2 0.0204389 0.785398
9 3 0.322834 -0.017351
9 4 0.020937 -0.785398

******************** ITERATION *******************
--- asteroids vs asteroids ---
0 1 0.00984775 -0.785398
0 2 0.0130306 0.124834
0 3 0.00214049 0.785398
0 4 0.00623529 -0.482591
1 2 0.00588257 0.785398
1 3 0.00394683 0.502718
1 4 0.00254099 -0.785398
2 3 0.00133716 0.710954
2 4 0.00260921 -0.236274
3 4 0.00196346 0.785398
--- asteroids vs planets ---
0 0 0.0421594 -0.115784
0 1 0.0240521 -0.618536
0 2 0.0183014 -0.025984
0 3 0.0262776 -0.785398
0 4 0.34692 0.785398
1 0 0.0299979 0.785398
1 1 0.112256 0.785398
1 2 0.020607 0.785398
1 3 0.129751 -0.0117751
1 4 0.0172218 -0.785398
2 0 0.0524785 -0.738182
2 1 0.122636 0.0310275
2 2 0.0992369 -0.785398
2 3 0.018061 0.329652
2 4 0.0158364 -0.615575
3 0 0.0699057 0.725972
3 1 0.0265835 0.785398
3 2 0.234808 0.785398
3 3 0.00923386 0.785398
3 4 0.0259014 0.0919198
4 0 0.0365808 0.441386
4 1 0.0369045 -0.166399
4 2 0.0171609 0.330306
4 3 0.0912008 -0.785398
4 4 0.0598218 0.785398
5 0 0.0327817 0.785398
5 1 0.142695 0.785398
5 2 0.0236624 0.785398
5 3 0.096621 -0.00987733
5 4 0.0174171 -0.785398
6 0 0.0571193 -0.640212
6 1 0.108503 0.214749
6 2 0.129781 -0.785398
6 3 0.0159136 0.395102
6 4 0.0157638 -0.5614
7 0 0.0475571 -0.581722
7 1 0.0200723 -0.785398
7 2 0.0222413 -0.313972
7 3 0.0157765 0.785398
7 4 2.83467 -0.785398
8 0 0.0288019 0.655803
8 1 0.0384485 0.10587
8 2 0.0153565 0.486488
8 3 0.260568 -0.785398
8 4 0.0351945 0.785398
9 0 0.0314923 0.785398
9 1 0.090193 0.77194
9 2 0.0204389 0.785398
9 3 0.322837 -0.0173501
9 4 0.020937 -0.785398

******************** ITERATION *******************
--- asteroids vs asteroids ---
0 1 0.00984776 -0.785398
0 2 0.0130306 0.124834
0 3 0.00214049 0.785398
0 4 0.00623534 -0.48259
1 2 0.00588257 0.785398
1 3 0.00394683 0.502718
1 4 0.002541 -0.785398
2 3 0.00133716 0.710954
2 4 0.00260922 -0.236273
3 4 0.00196346 0.785398
--- asteroids vs planets ---
0 0 0.0421593 -0.115784
0 1 0.024052 -0.618536
0 2 0.0183014 -0.025984
0 3 0.0262776 -0.785398
0 4 0.34692 0.785398
1 0 0.0299979 0.785398
1 1 0.112256 0.785398
1 2 0.020607 0.785398
1 3 0.129752 -0.0117745
1 4 0.0172219 -0.785398
2 0 0.0524785 -0.738183
2 1 0.122636 0.0310268
2 2 0.0992369 -0.785398
2 3 0.018061 0.329653
2 4 0.0158365 -0.615575
3 0 0.0699058 0.725972
3 1 0.0265835 0.785398
3 2 0.234808 0.785398
3 3 0.00923386 0.785398
3 4 0.0259016 0.0919219
4 0 0.0365808 0.441386
4 1 0.0369044 -0.166398
4 2 0.0171609 0.330306
4 3 0.0912006 -0.785398
4 4 0.059822 0.785398
5 0 0.0327816 0.785398
5 1 0.142695 0.785398
5 2 0.0236624 0.785398
5 3 0.0966214 -0.00987678
5 4 0.0174172 -0.785398
6 0 0.0571193 -0.640213
6 1 0.108503 0.214749
6 2 0.129781 -0.785398
6 3 0.0159137 0.395103
6 4 0.0157638 -0.5614
7 0 0.0475571 -0.581722
7 1 0.0200722 -0.785398
7 2 0.0222413 -0.313972
7 3 0.0157765 0.785398
7 4 2.83453 -0.785398
8 0 0.0288019 0.655803
8 1 0.0384485 0.10587
8 2 0.0153565 0.486488
8 3 0.260566 -0.785398
8 4 0.0351946 0.785398
9 0 0.0314923 0.785398
9 1 0.0901927 0.771939
9 2 0.0204389 0.785398
9 3 0.322839 -0.0173492
9 4 0.0209371 -0.785398

******************** ITERATION *******************
--- asteroids vs asteroids ---
0 1 0.00984777 -0.785398
0 2 0.0130306 0.124834
0 3 0.00214049 0.785398
0 4 0.0062354 -0.482589
1 2 0.00588258 0.785398
1 3 0.00394683 0.502719
1 4 0.00254102 -0.785398
2 3 0.00133716 0.710955
2 4 0.00260924 -0.236271
3 4 0.00196347 0.785398
--- asteroids vs planets ---
0 0 0.0421593 -0.115784
0 1 0.024052 -0.618535
0 2 0.0183014 -0.0259839
0 3 0.0262775 -0.785398
0 4 0.34692 0.785398
1 0 0.0299979 0.785398
1 1 0.112255 0.785398
1 2 0.020607 0.785398
1 3 0.129753 -0.0117738
1 4 0.0172219 -0.785398
2 0 0.0524786 -0.738183
2 1 0.122637 0.0310261
2 2 0.0992369 -0.785398
2 3 0.0180611 0.329653
2 4 0.0158366 -0.615575
3 0 0.0699059 0.725973
3 1 0.0265835 0.785398
3 2 0.234808 0.785398
3 3 0.00923387 0.785398
3 4 0.0259017 0.0919241
4 0 0.0365808 0.441385
4 1 0.0369044 -0.166398
4 2 0.0171609 0.330306
4 3 0.0912004 -0.785398
4 4 0.0598223 0.785398
5 0 0.0327816 0.785398
5 1 0.142694 0.785398
5 2 0.0236624 0.785398
5 3 0.0966218 -0.0098762
5 4 0.0174173 -0.785398
6 0 0.0571194 -0.640213
6 1 0.108503 0.214748
6 2 0.129781 -0.785398
6 3 0.0159137 0.395103
6 4 0.0157639 -0.5614
7 0 0.047557 -0.581722
7 1 0.0200722 -0.785398
7 2 0.0222413 -0.313972
7 3 0.0157764 0.785398
7 4 2.83437 -0.785398
8 0 0.0288019 0.655803
8 1 0.0384484 0.10587
8 2 0.0153565 0.486488
8 3 0.260565 -0.785398
8 4 0.0351947 0.785398
9 0 0.0314923 0.785398
9 1 0.0901925 0.771939
9 2 0.0204389 0.785398
9 3 0.322841 -0.0173482
9 4 0.0209372 -0.785398

******************** ITERATION *******************
--- asteroids vs asteroids ---
0 1 0.00984778 -0.785398
0 2 0.0130306 0.124834
0 3 0.00214049 0.785398
0 4 0.00623546 -0.482588
1 2 0.00588259 0.785398
1 3 0.00394683 0.50272
1 4 0.00254104 -0.785398
2 3 0.00133716 0.710955
2 4 0.00260925 -0.23627
3 4 0.00196348 0.785398
--- asteroids vs planets ---
0 0 0.0421592 -0.115784
0 1 0.024052 -0.618534
0 2 0.0183014 -0.0259839
0 3 0.0262775 -0.785398
0 4 0.346919 0.785398
1 0 0.0299979 0.785398
1 1 0.112255 0.785398
1 2 0.020607 0.785398
1 3 0.129753 -0.0117731
1 4 0.017222 -0.785398
2 0 0.0524786 -0.738184
2 1 0.122637 0.0310254
2 2 0.0992369 -0.785398
2 3 0.0180611 0.329654
2 4 0.0158366 -0.615574
3 0 0.069906 0.725973
3 1 0.0265836 0.785398
3 2 0.234808 0.785398
3 3 0.00923387 0.785398
3 4 0.0259018 0.0919265
4 0 0.0365807 0.441385
4 1 0.0369043 -0.166397
4 2 0.0171609 0.330306
4 3 0.0912002 -0.785398
4 4 0.0598225 0.785398
5 0 0.0327816 0.785398
5 1 0.142694 0.785398
5 2 0.0236624 0.785398
5 3 0.0966222 -0.00987559
5 4 0.0174174 -0.785398
6 0 0.0571194 -0.640214
6 1 0.108504 0.214748
6 2 0.129781 -0.785398
6 3 0.0159137 0.395104
6 4 0.015764 -0.5614
7 0 0.047557 -0.581721
7 1 0.0200722 -0.785398
7 2 0.0222413 -0.313971
7 3 0.0157764 0.785398
7 4 2.83421 -0.785398
8 0 0.0288019 0.655802
8 1 0.0384483 0.105871
8 2 0.0153565 0.486488
8 3 0.260564 -0.785398
8 4 0.0351948 0.785398
9 0 0.0314923 0.785398
9 1 0.0901922 0.771938
9 2 0.0204389 0.785398
9 3 0.322844 -0.0173472
9 4 0.0209373 -0.785398

******************** ITERATION *******************
--- asteroids vs asteroids ---
0 1 0.00984779 -0.785398
0 2 0.0130306 0.124834
0 3 0.00214049 0.785398
0 4 0.00623553 -0.482587
1 2 0.00588259 0.785398
1 3 0.00394683 0.502721
1 4 0.00254105 -0.785398
2 3 0.00133716 0.710956
2 4 0.00260926 -0.236268
3 4 0.00196348 0.785398
--- asteroids vs planets ---
0 0 0.0421592 -0.115783
0 1 0.024052 -0.618533
0 2 0.0183014 -0.0259838
0 3 0.0262775 -0.785398
0 4 0.346919 0.785398
1 0 0.0299979 0.785398
1 1 0.112255 0.785398
1 2 0.020607 0.785398
1 3 0.129754 -0.0117723
1 4 0.0172221 -0.785398
2 0 0.0524787 -0.738184
2 1 0.122638 0.0310246
2 2 0.0992369 -0.785398
2 3 0.0180611 0.329655
2 4 0.0158367 -0.615574
3 0 0.0699061 0.725974
3 1 0.0265836 0.785398
3 2 0.234808 0.785398
3 3 0.00923388 0.785398
3 4 0.025902 0.0919289
4 0 0.0365807 0.441385
4 1 0.0369042 -0.166397
4 2 0.0171609 0.330306
4 3 0.0912 -0.785398
4 4 0.0598227 0.785398
5 0 0.0327816 0.785398
5 1 0.142693 0.785398
5 2 0.0236623 0.785398
5 3 0.0966226 -0.00987495
5 4 0.0174175 -0.785398
6 0 0.0571195 -0.640214
6 1 0.108504 0.214748
6 2 0.129781 -0.785398
6 3 0.0159137 0.395104
6 4 0.0157641 -0.561399
7 0 0.0475569 -0.581721
7 1 0.0200722 -0.785398
7 2 0.0222413 -0.313971
7 3 0.0157764 0.785398
7 4 2.83403 -0.785398
8 0 0.0288018 0.655802
8 1 0.0384482 0.105871
8 2 0.0153565 0.486487
8 3 0.260563 -0.785398
8 4 0.0351949 0.785398
9 0 0.0314922 0.785398
9 1 0.0901919 0.771938
9 2 0.0204389 0.785398
9 3 0.322846 -0.0173461
9 4 0.0209374 -0.785398

******************** ITERATION *******************
--- asteroids vs asteroids ---
0 1 0.00984781 -0.785398
0 2 0.0130306 0.124834
0 3 0.0021405 0.785398
0 4 0.00623559 -0.482585
1 2 0.0058826 0.785398
1 3 0.00394683 0.502722
1 4 0.00254107 -0.785398
2 3 0.00133716 0.710956
2 4 0.00260928 -0.236267
3 4 0.00196349 0.785398
--- asteroids vs planets ---
0 0 0.0421591 -0.115783
0 1 0.024052 -0.618533
0 2 0.0183013 -0.0259837
0 3 0.0262775 -0.785398
0 4 0.346918 0.785398
1 0 0.0299979 0.785398
1 1 0.112254 0.785398
1 2 0.020607 0.785398
1 3 0.129755 -0.0117715
1 4 0.0172222 -0.785398
2 0 0.0524787 -0.738185
2 1 0.122638 0.0310238
2 2 0.0992369 -0.785398
2 3 0.0180611 0.329655
2 4 0.0158368 -0.615574
3 0 0.0699062 0.725974
3 1 0.0265837 0.785398
3 2 0.234809 0.785398
3 3 0.00923388 0.785398
3 4 0.0259021 0.0919315
4 0 0.0365806 0.441385
4 1 0.0369042 -0.166396
4 2 0.0171609 0.330306
4 3 0.0911998 -0.785398
4 4 0.059823 0.785398
5 0 0.0327816 0.785398
5 1 0.142693 0.785398
5 2 0.0236623 0.785398
5 3 0.0966231 -0.00987428
5 4 0.0174176 -0.785398
6 0 0.0571196 -0.640215
6 1 0.108505 0.214747
6 2 0.129781 -0.785398
6 3 0.0159138 0.395105
6 4 0.0157642 -0.561399
7 0 0.0475569 -0.58172
7 1 0.0200722 -0.785398
7 2 0.0222412 -0.313971
7 3 0.0157764 0.785398
7 4 2.83385 -0.785398
8 0 0.0288018 0.655802
8 1 0.0384481 0.105871
8 2 0.0153565 0.486487
8 3 0.260561 -0.785398
8 4 0.0351951 0.785398
9 0 0.0314922 0.785398
9 1 0.0901916 0.771937
9 2 0.0204388 0.785398
9 3 0.322849 -0.0173449
9 4 0.0209375 -0.785398

******************** ITERATION *******************
--- asteroids vs asteroids ---
0 1 0.00984782 -0.785398
0 2 0.0130306 0.124834
0 3 0.0021405 0.785398
0 4 0.00623566 -0.482584
1 2 0.00588261 0.785398
1 3 0.00394683 0.502724
1 4 0.00254109 -0.785398
2 3 0.00133716 0.710957
2 4 0.0026093 -0.236265
3 4 0.0019635 0.785398
--- asteroids vs planets ---
0 0 0.042159 -0.115783
0 1 0.0240519 -0.618532
0 2 0.0183013 -0.0259837
0 3 0.0262774 -0.785398
0 4 0.346918 0.785398
1 0 0.0299979 0.785398
1 1 0.112254 0.785398
1 2 0.020607 0.785398
1 3 0.129756 -0.0117707
1 4 0.0172223 -0.785398
2 0 0.0524788 -0.738186
2 1 0.122639 0.031023
2 2 0.0992369 -0.785398
2 3 0.0180612 0.329656
2 4 0.0158369 -0.615574
3 0 0.0699063 0.725975
3 1 0.0265837 0.785398
3 2 0.234809 0.785398
3 3 0.00923389 0.785398
3 4 0.0259023 0.0919341
4 0 0.0365806 0.441384
4 1 0.0369041 -0.166395
4 2 0.0171609 0.330306
4 3 0.0911995 -0.785398
4 4 0.0598233 0.785398
5 0 0.0327816 0.785398
5 1 0.142692 0.785398
5 2 0.0236623 0.785398
5 3 0.0966236 -0.00987357
5 4 0.0174176 -0.785398
6 0 0.0571197 -0.640216
6 1 0.108505 0.214747
6 2 0.129781 -0.785398
6 3 0.0159138 0.395106
6 4 0.0157643 -0.561399
7 0 0.0475568 -0.58172
7 1 0.0200722 -0.785398
7 2 0.0222412 -0.313971
7 3 0.0157764 0.785398
7 4 2.83366 -0.785398
8 0 0.0288018 0.655801
8 1 0.038448 0.105872
8 2 0.0153564 0.486487
8 3 0.26056 -0.785398
8 4 0.0351952 0.785398
9 0 0.0314922 0.785398
9 1 0.0901913 0.771936
9 2 0.0204388 0.785398
9 3 0.322852 -0.0173437
9 4 0.0209376 -0.785398

******************** ITERATION *******************
--- asteroids vs asteroids ---
0 1 0.00984783 -0.785398
0 2 0.0130306 0.124834
0 3 0.0021405 0.785398
0 4 0.00623574 -0.482582
1 2 0.00588262 0.785398
1 3 0.00394683 0.502725
1 4 0.00254111 -0.785398
2 3 0.00133716 0.710957
2 4 0.00260931 -0.236263
3 4 0.0019635 0.785398
--- asteroids vs planets ---
0 0 0.042159 -0.115783
0 1 0.0240519 -0.618531
0 2 0.0183013 -0.0259836
0 3 0.0262774 -0.785398
0 4 0.346917 0.785398
1 0 0.0299978 0.785398
1 1 0.112253 0.785398
1 2 0.020607 0.785398
1 3 0.129756 -0.0117698
1 4 0.0172224 -0.785398
2 0 0.0524789 -0.738186
2 1 0.122639 0.0310221
2 2 0.0992369 -0.785398
2 3 0.0180612 0.329657
2 4 0.015837 -0.615574
3 0 0.0699064 0.725976
3 1 0.0265837 0.785398
3 2 0.234809 0.785398
3 3 0.0092339 0.785398
3 4 0.0259024 0.0919369
4 0 0.0365805 0.441384
4 1 0.036904 -0.166394
4 2 0.0171608 0.330305
4 3 0.0911993 -0.785398
4 4 0.0598235 0.785398
5 0 0.0327816 0.785398
5 1 0.142692 0.785398
5 2 0.0236623 0.785398
5 3 0.0966241 -0.00987284
5 4 0.0174177 -0.785398
6 0 0.0571197 -0.640216
6 1 0.108506 0.214746
6 2 0.129781 -0.785398
6 3 0.0159138 0.395106
6 4 0.0157644 -0.561399
7 0 0.0475568 -0.581719
7 1 0.0200722 -0.785398
7 2 0.0222412 -0.313971
7 3 0.0157764 0.785398
7 4 2.83347 -0.785398
8 0 0.0288017 0.655801
8 1 0.038448 0.105872
8 2 0.0153564 0.486487
8 3 0.260559 -0.785398
8 4 0.0351953 0.785398
9 0 0.0314922 0.785398
9 1 0.090191 0.771936
9 2 0.0204388 0.785398
9 3 0.322855 -0.0173425
9 4 0.0209377 -0.785398

******************** ITERATION *******************
--- asteroids vs asteroids ---
0 1 0.00984784 -0.785398
0 2 0.0130306 0.124834
0 3 0.0021405 0.785398
0 4 0.00623581 -0.482581
1 2 0.00588263 0.785398
1 3 0.00394683 0.502726
1 4 0.00254113 -0.785398
2 3 0.00133716 0.710958
2 4 0.00260933 -0.236261
3 4 0.00196351 0.785398
--- asteroids vs planets ---
0 0 0.0421589 -0.115783
0 1 0.0240519 -0.61853
0 2 0.0183013 -0.0259835
0 3 0.0262774 -0.785398
0 4 0.346917 0.785398
1 0 0.0299978 0.785398
1 1 0.112253 0.785398
1 2 0.0206069 0.785398
1 3 0.129757 -0.0117689
1 4 0.0172225 -0.785398
2 0 0.0524789 -0.738187
2 1 0.12264 0.0310212
2 2 0.0992369 -0.785398
2 3 0.0180612 0.329657
2 4 0.0158371 -0.615574
3 0 0.0699065 0.725976
3 1 0.0265838 0.785398
3 2 0.234809 0.785398
3 3 0.0092339 0.785398
3 4 0.0259026 0.0919399
4 0 0.0365805 0.441384
4 1 0.0369039 -0.166394
4 2 0.0171608 0.330305
4 3 0.0911991 -0.785398
4 4 0.0598238 0.785398
5 0 0.0327816 0.785398
5 1 0.142691 0.785398
5 2 0.0236623 0.785398
5 3 0.0966246 -0.00987208
5 4 0.0174179 -0.785398
6 0 0.0571198 -0.640217
6 1 0.108506 0.214746
6 2 0.129781 -0.785398
6 3 0.0159138 0.395107
6 4 0.0157645 -0.561399
7 0 0.0475567 -0.581719
7 1 0.0200722 -0.785398
7 2 0.0222412 -0.31397
7 3 0.0157764 0.785398
7 4 2.83326 -0.785398
8 0 0.0288017 0.655801
8 1 0.0384479 0.105873
8 2 0.0153564 0.486487
8 3 0.260557 -0.785398
8 4 0.0351955 0.785398
9 0 0.0314922 0.785398
9 1 0.0901906 0.771935
9 2 0.0204388 0.785398
9 3 0.322858 -0.0173412
9 4 0.0209378 -0.785398

******************** ITERATION *******************
--- asteroids vs asteroids ---
0 1 0.00984786 -0.785398
0 2 0.0130306 0.124834
0 3 0.0021405 0.785398
0 4 0.00623589 -0.482579
1 2 0.00588264 0.785398
1 3 0.00394683 0.502727
1 4 0.00254115 -0.785398
2 3 0.00133716 0.710958
2 4 0.00260935 -0.236259
3 4 0.00196352 0.785398
--- asteroids vs planets ---
0 0 0.0421588 -0.115783
0 1 0.0240519 -0.618529
0 2 0.0183013 -0.0259834
0 3 0.0262773 -0.785398
0 4 0.346916 0.785398
1 0 0.0299978 0.785398
1 1 0.112253 0.785398
1 2 0.0206069 0.785398
1 3 0.129758 -0.011768
1 4 0.0172226 -0.785398
2 0 0.052479 -0.738187
2 1 0.12264 0.0310202
2 2 0.0992369 -0.785398
2 3 0.0180613 0.329658
2 4 0.0158372 -0.615574
3 0 0.0699066 0.725977
3 1 0.0265838 0.785398
3 2 0.234809 0.785398
3 3 0.00923391 0.785398
3 4 0.0259028 0.0919429
4 0 0.0365804 0.441384
4 1 0.0369038 -0.166393
4 2 0.0171608 0.330305
4 3 0.0911988 -0.785398
4 4 0.0598241 0.785398
5 0 0.0327816 0.785398
5 1 0.142691 0.785398
5 2 0.0236623 0.785398
5 3 0.0966252 -0.00987128
5 4 0.017418 -0.785398
6 0 0.0571199 -0.640218
6 1 0.108507 0.214745
6 2 0.129781 -0.785398
6 3 0.0159139 0.395108
6 4 0.0157646 -0.561398
7 0 0.0475566 -0.581718
7 1 0.0200722 -0.785398
7 2 0.0222411 -0.31397
7 3 0.0157764 0.785398
7 4 2.83305 -0.785398
8 0 0.0288017 0.6558
8 1 0.0384477 0.105873
8 2 0.0153564 0.486487
8 3 0.260556 -0.785398
8 4 0.0351956 0.785398
9 0 0.0314921 0.785398
9 1 0.0901903 0.771934
9 2 0.0204388 0.785398
9 3 0.322861 -0.0173398
9 4 0.020938 -0.785398

******************** ITERATION *******************
--- asteroids vs asteroids ---
0 1 0.00984787 -0.785398
0 2 0.0130306 0.124834
0 3 0.0021405 0.785398
0 4 0.00623597 -0.482577
1 2 0.00588265 0.785398
1 3 0.00394683 0.502728
1 4 0.00254117 -0.785398
2 3 0.00133716 0.710959
2 4 0.00260937 -0.236257
3 4 0.00196352 0.785398
--- asteroids vs planets ---
0 0 0.0421588 -0.115782
0 1 0.0240518 -0.618528
0 2 0.0183012 -0.0259833
0 3 0.0262773 -0.785398
0 4 0.346916 0.785398
1 0 0.0299978 0.785398
1 1 0.112252 0.785398
1 2 0.0206069 0.785398
1 3 0.129759 -0.011767
1 4 0.0172227 -0.785398
2 0 0.0524791 -0.738188
2 1 0.122641 0.0310192
2 2 0.0992369 -0.785398
2 3 0.0180613 0.329659
2 4 0.0158374 -0.615574
3 0 0.0699068 0.725977
3 1 0.0265839 0.785398
3 2 0.234809 0.785398
3 3 0.00923392 0.785398
3 4 0.025903 0.091946
4 0 0.0365804 0.441383
4 1 0.0369038 -0.166392
4 2 0.0171608 0.330305
4 3 0.0911985 -0.785398
4 4 0.0598245 0.785398
5 0 0.0327816 0.785398
5 1 0.14269 0.785398
5 2 0.0236622 0.785398
5 3 0.0966258 -0.00987046
5 4 0.0174181 -0.785398
6 0 0.05712 -0.640218
6 1 0.108507 0.214745
6 2 0.129781 -0.785398
6 3 0.0159139 0.395109
6 4 0.0157648 -0.561398
7 0 0.0475566 -0.581717
7 1 0.0200722 -0.785398
7 2 0.0222411 -0.31397
7 3 0.0157764 0.785398
7 4 2.83283 -0.785398
8 0 0.0288016 0.6558
8 1 0.0384476 0.105873
8 2 0.0153564 0.486486
8 3 0.260554 -0.785398
8 4 0.0351958 0.785398
9 0 0.0314921 0.785398
9 1 0.0901899 0.771933
9 2 0.0204388 0.785398
9 3 0.322865 -0.0173384
9 4 0.0209381 -0.785398

******************** ITERATION *******************
--- asteroids vs asteroids ---
0 1 0.00984789 -0.785398
0 2 0.0130306 0.124834
0 3 0.0021405 0.785398
0 4 0.00623606 -0.482576
1 2 0.00588266 0.785398
1 3 0.00394682 0.50273
1 4 0.0025412 -0.785398
2 3 0.00133717 0.71096
2 4 0.00260939 -0.236255
3 4 0.00196353 0.785398
--- asteroids vs planets ---
0 0 0.0421587 -0.115782
0 1 0.0240518 -0.618527
0 2 0.0183012 -0.0259832
0 3 0.0262773 -0.785398
0 4 0.346915 0.785398
1 0 0.0299978 0.785398
1 1 0.112252 0.785398
1 2 0.0206069 0.785398
1 3 0.12976 -0.011766
1 4 0.0172228 -0.785398
2 0 0.0524791 -0.738189
2 1 0.122641 0.0310182
2 2 0.0992369 -0.785398
2 3 0.0180614 0.329659
2 4 0.0158375 -0.615574
3 0 0.0699069 0.725978
3 1 0.0265839 0.785398
3 2 0.234809 0.785398
3 3 0.00923392 0.785398
3 4 0.0259032 0.0919493
4 0 0.0365803 0.441383
4 1 0.0369037 -0.166391
4 2 0.0171608 0.330305
4 3 0.0911983 -0.785398
4 4 0.0598248 0.785398
5 0 0.0327815 0.785398
5 1 0.142689 0.785398
5 2 0.0236622 0.785398
5 3 0.0966263 -0.0098696
5 4 0.0174182 -0.785398
6 0 0.0571201 -0.640219
6 1 0.108508 0.214744
6 2 0.129781 -0.785398
6 3 0.0159139 0.395109
6 4 0.0157649 -0.561398
7 0 0.0475565 -0.581717
7 1 0.0200722 -0.785398
7 2 0.0222411 -0.313969
7 3 0.0157764 0.785398
7 4 2.8326 -0.785398
8 0 0.0288016 0.6558
8 1 0.0384475 0.105874
8 2 0.0153564 0.486486
8 3 0.260552 -0.785398
8 4 0.035196 0.785398
9 0 0.0314921 0.785398
9 1 0.0901895 0.771933
9 2 0.0204387 0.785398
9 3 0.322868 -0.0173369
9 4 0.0209382 -0.785398

******************** ITERATION *******************
--- asteroids vs asteroids ---
0 1 0.0098479 -0.785398
0 2 0.0130306 0.124835
0 3 0.0021405 0.785398
0 4 0.00623615 -0.482574
1 2 0.00588267 0.785398
1 3 0.00394682 0.502731
1 4 0.00254122 -0.785398
2 3 0.00133717 0.71096
2 4 0.00260941 -0.236253
3 4 0.00196354 0.785398
--- asteroids vs planets ---
0 0 0.0421586 -0.115782
0 1 0.0240518 -0.618526
0 2 0.0183012 -0.0259832
0 3 0.0262772 -0.785398
0 4 0.346915 0.785398
1 0 0.0299978 0.785398
1 1 0.112251 0.785398
1 2 0.0206069 0.785398
1 3 0.129761 -0.0117649
1 4 0.0172229 -0.785398
2 0 0.0524792 -0.73819
2 1 0.122642 0.0310171
2 2 0.0992369 -0.785398
2 3 0.0180614 0.32966
2 4 0.0158376 -0.615574
3 0 0.069907 0.725979
3 1 0.026584 0.785398
3 2 0.234809 0.785398
3 3 0.00923393 0.785398
3 4 0.0259034 0.0919527
4 0 0.0365803 0.441383
4 1 0.0369036 -0.16639
4 2 0.0171607 0.330305
4 3 0.091198 -0.785398
4 4 0.0598251 0.785398
5 0 0.0327815 0.785398
5 1 0.142689 0.785398
5 2 0.0236622 0.785398
5 3 0.096627 -0.00986872
5 4 0.0174183 -0.785398
6 0 0.0571202 -0.64022
6 1 0.108508 0.214744
6 2 0.129781 -0.785398
6 3 0.015914 0.39511
6 4 0.015765 -0.561398
7 0 0.0475564 -0.581716
7 1 0.0200722 -0.785398
7 2 0.0222411 -0.313969
7 3 0.0157764 0.785398
7 4 2.83236 -0.785398
8 0 0.0288016 0.655799
8 1 0.0384474 0.105874
8 2 0.0153564 0.486486
8 3 0.26055 -0.785398
8 4 0.0351962 0.785398
9 0 0.0314921 0.785398
9 1 0.0901891 0.771932
9 2 0.0204387 0.785398
9 3 0.322872 -0.0173354
9 4 0.0209384 -0.785398

******************** ITERATION *******************
--- asteroids vs asteroids ---
0 1 0.00984792 -0.785398
0 2 0.0130306 0.124835
0 3 0.0021405 0.785398
0 4 0.00623624 -0.482572
1 2 0.00588268 0.785398
1 3 0.00394682 0.502733
1 4 0.00254125 -0.785398
2 3 0.00133717 0.710961
2 4 0.00260943 -0.236251
3 4 0.00196355 0.785398
--- asteroids vs planets ---
0 0 0.0421585 -0.115782
0 1 0.0240517 -0.618524
0 2 0.0183012 -0.0259831
0 3 0.0262772 -0.785398
0 4 0.346914 0.785398
1 0 0.0299978 0.785398
1 1 0.11225 0.785398
1 2 0.0206069 0.785398
1 3 0.129762 -0.0117638
1 4 0.0172231 -0.785398
2 0 0.0524793 -0.73819
2 1 0.122643 0.031016
2 2 0.0992369 -0.785398
2 3 0.0180614 0.329661
2 4 0.0158377 -0.615574
3 0 0.0699072 0.72598
3 1 0.026584 0.785398
3 2 0.234809 0.785398
3 3 0.00923394 0.785398
3 4 0.0259036 0.0919561
4 0 0.0365802 0.441383
4 1 0.0369035 -0.16639
4 2 0.0171607 0.330305
4 3 0.0911977 -0.785398
4 4 0.0598255 0.785398
5 0 0.0327815 0.785398
5 1 0.142688 0.785398
5 2 0.0236622 0.785398
5 3 0.0966276 -0.0098678
5 4 0.0174184 -0.785398
6 0 0.0571203 -0.640221
6 1 0.108509 0.214743
6 2 0.129782 -0.785398
6 3 0.015914 0.395111
6 4 0.0157651 -0.561397
7 0 0.0475563 -0.581716
7 1 0.0200721 -0.785398
7 2 0.022241 -0.313969
7 3 0.0157763 0.785398
7 4 2.83211 -0.785398
8 0 0.0288015 0.655799
8 1 0.0384473 0.105875
8 2 0.0153563 0.486486
8 3 0.260549 -0.785398
8 4 0.0351963 0.785398
9 0 0.0314921 0.785398
9 1 0.0901887 0.771931
9 2 0.0204387 0.785398
9 3 0.322876 -0.0173339
9 4 0.0209385 -0.785398

******************** ITERATION *******************
--- asteroids vs asteroids ---
0 1 0.00984794 -0.785398
0 2 0.0130306 0.124835
0 3 0.0021405 0.785398
0 4 0.00623633 -0.48257
1 2 0.00588269 0.785398
1 3 0.00394682 0.502734
1 4 0.00254127 -0.785398
2 3 0.00133717 0.710962
2 4 0.00260945 -0.236249
3 4 0.00196356 0.785398
--- asteroids vs planets ---
0 0 0.0421585 -0.115782
0 1 0.0240517 -0.618523
0 2 0.0183011 -0.025983
0 3 0.0262772 -0.785398
0 4 0.346914 0.785398
1 0 0.0299977 0.785398
1 1 0.11225 0.785398
1 2 0.0206068 0.785398
1 3 0.129763 -0.0117627
1 4 0.0172232 -0.785398
2 0 0.0524793 -0.738191
2 1 0.122643 0.0310149
2 2 0.099237 -0.785398
2 3 0.0180615 0.329662
2 4 0.0158379 -0.615574
3 0 0.0699073 0.72598
3 1 0.0265841 0.785398
3 2 0.23481 0.785398
3 3 0.00923395 0.785398
3 4 0.0259038 0.0919598
4 0 0.0365801 0.441382
4 1 0.0369034 -0.166389
4 2 0.0171607 0.330305
4 3 0.0911974 -0.785398
4 4 0.0598258 0.785398
5 0 0.0327815 0.785398
5 1 0.142687 0.785398
5 2 0.0236622 0.785398
5 3 0.0966283 -0.00986686
5 4 0.0174186 -0.785398
6 0 0.0571204 -0.640221
6 1 0.10851 0.214742
6 2 0.129782 -0.785398
6 3 0.015914 0.395112
6 4 0.0157653 -0.561397
7 0 0.0475563 -0.581715
7 1 0.0200721 -0.785398
7 2 0.022241 -0.313969
7 3 0.0157763 0.785398
7 4 2.83186 -0.785398
8 0 0.0288015 0.655798
8 1 0.0384472 0.105875
8 2 0.0153563 0.486485
8 3 0.260547 -0.785398
8 4 0.0351965 0.785398
9 0 0.031492 0.785398
9 1 0.0901883 0.77193
9 2 0.0204387 0.785398
9 3 0.322879 -0.0173322
9 4 0.0209386 -0.785398

******************** ITERATION *******************
--- asteroids vs asteroids ---
0 1 0.00984795 -0.785398
0 2 0.0130306 0.124835
0 3 0.0021405 0.785398
0 4 0.00623643 -0.482568
1 2 0.0058827 0.785398
1 3 0.00394682 0.502736
1 4 0.0025413 -0.785398
2 3 0.00133717 0.710963
2 4 0.00260947 -0.236246
3 4 0.00196357 0.785398
--- asteroids vs planets ---
0 0 0.0421584 -0.115781
0 1 0.0240517 -0.618522
0 2 0.0183011 -0.0259829
0 3 0.0262771 -0.785398
0 4 0.346913 0.785398
1 0 0.0299977 0.785398
1 1 0.112249 0.785398
1 2 0.0206068 0.785398
1 3 0.129764 -0.0117616
1 4 0.0172233 -0.785398
2 0 0.0524794 -0.738192
2 1 0.122644 0.0310137
2 2 0.099237 -0.785398
2 3 0.0180615 0.329663
2 4 0.015838 -0.615574
3 0 0.0699075 0.725981
3 1 0.0265842 0.785398
3 2 0.23481 0.785398
3 3 0.00923396 0.785398
3 4 0.025904 0.0919635
4 0 0.0365801 0.441382
4 1 0.0369033 -0.166388
4 2 0.0171607 0.330304
4 3 0.091197 -0.785398
4 4 0.0598262 0.785398
5 0 0.0327815 0.785398
5 1 0.142687 0.785398
5 2 0.0236621 0.785398
5 3 0.0966289 -0.00986588
5 4 0.0174187 -0.785398
6 0 0.0571205 -0.640222
6 1 0.10851 0.214742
6 2 0.129782 -0.785398
6 3 0.0159141 0.395113
6 4 0.0157654 -0.561397
7 0 0.0475562 -0.581714
7 1 0.0200721 -0.785398
7 2 0.022241 -0.313968
7 3 0.0157763 0.785398
7 4 2.83159 -0.785398
8 0 0.0288014 0.655798
8 1 0.038447 0.105876
8 2 0.0153563 0.486485
8 3 0.260545 -0.785398
8 4 0.0351967 0.785398
9 0 0.031492 0.785398
9 1 0.0901878 0.771929
9 2 0.0204387 0.785398
9 3 0.322883 -0.0173306
9 4 0.0209388 -0.785398

******************** ITERATION *******************
--- asteroids vs asteroids ---
0 1 0.00984797 -0.785398
0 2 0.0130306 0.124835
0 3 0.0021405 0.785398
0 4 0.00623653 -0.482566
1 2 0.00588271 0.785398
1 3 0.00394682 0.502737
1 4 0.00254132 -0.785398
2 3 0.00133717 0.710964
2 4 0.0026095 -0.236244
3 4 0.00196358 0.785398
--- asteroids vs planets ---
0 0 0.0421583 -0.115781
0 1 0.0240516 -0.618521
0 2 0.0183011 -0.0259828
0 3 0.0262771 -0.785398
0 4 0.346912 0.785398
1 0 0.0299977 0.785398
1 1 0.112249 0.785398
1 2 0.0206068 0.785398
1 3 0.129765 -0.0117604
1 4 0.0172235 -0.785398
2 0 0.0524795 -0.738193
2 1 0.122645 0.0310125
2 2 0.099237 -0.785398
2 3 0.0180616 0.329664
2 4 0.0158381 -0.615574
3 0 0.0699076 0.725982
3 1 0.0265842 0.785398
3 2 0.23481 0.785398
3 3 0.00923397 0.785398
3 4 0.0259042 0.0919673
4 0 0.03658 0.441382
4 1 0.0369031 -0.166387
4 2 0.0171607 0.330304
4 3 0.0911967 -0.785398
4 4 0.0598266 0.785398
5 0 0.0327815 0.785398
5 1 0.142686 0.785398
5 2 0.0236621 0.785398
5 3 0.0966296 -0.00986487
5 4 0.0174189 -0.785398
6 0 0.0571206 -0.640223
6 1 0.108511 0.214741
6 2 0.129782 -0.785398
6 3 0.0159141 0.395114
6 4 0.0157656 -0.561396
7 0 0.0475561 -0.581713
7 1 0.0200721 -0.785398
7 2 0.0222409 -0.313968
7 3 0.0157763 0.785398
7 4 2.83132 -0.785398
8 0 0.0288014 0.655797
8 1 0.0384469 0.105877
8 2 0.0153563 0.486485
8 3 0.260543 -0.785398
8 4 0.0351969 0.785398
9 0 0.031492 0.785398
9 1 0.0901874 0.771928
9 2 0.0204386 0.785398
9 3 0.322888 -0.0173289
9 4 0.020939 -0.785398

******************** ITERATION *******************
--- asteroids vs asteroids ---
0 1 0.00984799 -0.785398
0 2 0.0130306 0.124835
0 3 0.0021405 0.785398
0 4 0.00623663 -0.482564
1 2 0.00588273 0.785398
1 3 0.00394682 0.502739
1 4 0.00254135 -0.785398
2 3 0.00133717 0.710964
2 4 0.00260952 -0.236241
3 4 0.00196359 0.785398
--- asteroids vs planets ---
0 0 0.0421582 -0.115781
0 1 0.0240516 -0.618519
0 2 0.0183011 -0.0259827
0 3 0.026277 -0.785398
0 4 0.346912 0.785398
1 0 0.0299977 0.785398
1 1 0.112248 0.785398
1 2 0.0206068 0.785398
1 3 0.129766 -0.0117591
1 4 0.0172236 -0.785398
2 0 0.0524796 -0.738194
2 1 0.122646 0.0310112
2 2 0.099237 -0.785398
2 3 0.0180616 0.329665
2 4 0.0158383 -0.615574
3 0 0.0699078 0.725983
3 1 0.0265843 0.785398
3 2 0.23481 0.785398
3 3 0.00923397 0.785398
3 4 0.0259045 0.0919713
4 0 0.0365799 0.441381
4 1 0.036903 -0.166386
4 2 0.0171606 0.330304
4 3 0.0911964 -0.785398
4 4 0.059827 0.785398
5 0 0.0327815 0.785398
5 1 0.142685 0.785398
5 2 0.0236621 0.785398
5 3 0.0966304 -0.00986383
5 4 0.017419 -0.785398
6 0 0.0571207 -0.640224
6 1 0.108512 0.21474
6 2 0.129782 -0.785398
6 3 0.0159142 0.395115
6 4 0.0157657 -0.561396
7 0 0.047556 -0.581713
7 1 0.0200721 -0.785398
7 2 0.0222409 -0.313968
7 3 0.0157763 0.785398
7 4 2.83105 -0.785398
8 0 0.0288014 0.655797
8 1 0.0384468 0.105877
8 2 0.0153563 0.486485
8 3 0.260541 -0.785398
8 4 0.0351971 0.785398
9 0 0.031492 0.785398
9 1 0.0901869 0.771927
9 2 0.0204386 0.785398
9 3 0.322892 -0.0173271
9 4 0.0209391 -0.785398

******************** ITERATION *******************
--- asteroids vs asteroids ---
0 1 0.00984801 -0.785398
0 2 0.0130306 0.124835
0 3 0.0021405 0.785398
0 4 0.00623674 -0.482562
1 2 0.00588274 0.785398
1 3 0.00394682 0.502741
1 4 0.00254138 -0.785398
2 3 0.00133717 0.710965
2 4 0.00260955 -0.236239
3 4 0.0019636 0.785398
--- asteroids vs planets ---
0 0 0.0421581 -0.115781
0 1 0.0240515 -0.618518
0 2 0.018301 -0.0259825
0 3 0.026277 -0.785398
0 4 0.346911 0.785398
1 0 0.0299977 0.785398
1 1 0.112247 0.785398
1 2 0.0206067 0.785398
1 3 0.129768 -0.0117579
1 4 0.0172237 -0.785398
2 0 0.0524797 -0.738195
2 1 0.122646 0.0310099
2 2 0.099237 -0.785398
2 3 0.0180617 0.329666
2 4 0.0158384 -0.615574
3 0 0.069908 0.725984
3 1 0.0265843 0.785398
3 2 0.23481 0.785398
3 3 0.00923398 0.785398
3 4 0.0259047 0.0919753
4 0 0.0365799 0.441381
4 1 0.0369029 -0.166385
4 2 0.0171606 0.330304
4 3 0.091196 -0.785398
4 4 0.0598274 0.785398
5 0 0.0327815 0.785398
5 1 0.142684 0.785398
5 2 0.0236621 0.785398
5 3 0.0966311 -0.00986277
5 4 0.0174191 -0.785398
6 0 0.0571208 -0.640225
6 1 0.108512 0.21474
6 2 0.129782 -0.785398
6 3 0.0159142 0.395116
6 4 0.0157659 -0.561396
7 0 0.0475559 -0.581712
7 1 0.0200721 -0.785398
7 2 0.0222409 -0.313967
7 3 0.0157763 0.785398
7 4 2.83076 -0.785398
8 0 0.0288013 0.655797
8 1 0.0384466 0.105878
8 2 0.0153562 0.486485
8 3 0.260539 -0.785398
8 4 0.0351973 0.785398
9 0 0.0314919 0.785398
9 1 0.0901864 0.771926
9 2 0.0204386 0.785398
9 3 0.322896 -0.0173253
9 4 0.0209393 -0.785398

******************** ITERATION *******************
--- asteroids vs asteroids ---
0 1 0.00984803 -0.785398
0 2 0.0130306 0.124835
0 3 0.0021405 0.785398
0 4 0.00623685 -0.48256
1 2 0.00588275 0.785398
1 3 0.00394682 0.502742
1 4 0.00254141 -0.785398
2 3 0.00133717 0.710966
2 4 0.00260957 -0.236236
3 4 0.00196361 0.785398
--- asteroids vs planets ---
0 0 0.042158 -0.11578
0 1 0.0240515 -0.618517
0 2 0.018301 -0.0259824
0 3 0.0262769 -0.785398
0 4 0.34691 0.785398
1 0 0.0299977 0.785398
1 1 0.112247 0.785398
1 2 0.0206067 0.785398
1 3 0.129769 -0.0117566
1 4 0.0172239 -0.785398
2 0 0.0524798 -0.738196
2 1 0.122647 0.0310086
2 2 0.099237 -0.785398
2 3 0.0180617 0.329667
2 4 0.0158386 -0.615574
3 0 0.0699081 0.725984
3 1 0.0265844 0.785398
3 2 0.23481 0.785398
3 3 0.00923399 0.785398
3 4 0.025905 0.0919795
4 0 0.0365798 0.441381
4 1 0.0369028 -0.166383
4 2 0.0171606 0.330304
4 3 0.0911957 -0.785398
4 4 0.0598278 0.785398
5 0 0.0327814 0.785398
5 1 0.142684 0.785398
5 2 0.023662 0.785398
5 3 0.0966319 -0.00986167
5 4 0.0174193 -0.785398
6 0 0.0571209 -0.640226
6 1 0.108513 0.214739
6 2 0.129782 -0.785398
6 3 0.0159142 0.395117
6 4 0.015766 -0.561395
7 0 0.0475558 -0.581711
7 1 0.0200721 -0.785398
7 2 0.0222408 -0.313967
7 3 0.0157763 0.785398
7 4 2.83046 -0.785398
8 0 0.0288013 0.655796
8 1 0.0384465 0.105878
8 2 0.0153562 0.486484
8 3 0.260537 -0.785398
8 4 0.0351975 0.785398
9 0 0.0314919 0.785398
9 1 0.0901859 0.771925
9 2 0.0204386 0.785398
9 3 0.322901 -0.0173234
9 4 0.0209394 -0.785398

******************** ITERATION *******************
--- asteroids vs asteroids ---
0 1 0.00984805 -0.785398
0 2 0.0130306 0.124835
0 3 0.0021405 0.785398
0 4 0.00623696 -0.482557
1 2 0.00588277 0.785398
1 3 0.00394682 0.502744
1 4 0.00254144 -0.785398
2 3 0.00133717 0.710967
2 4 0.0026096 -0.236233
3 4 0.00196362 0.785398
--- asteroids vs planets ---
0 0 0.0421579 -0.11578
0 1 0.0240515 -0.618515
0 2 0.018301 -0.0259823
0 3 0.0262769 -0.785398
0 4 0.346909 0.785398
1 0 0.0299976 0.785398
1 1 0.112246 0.785398
1 2 0.0206067 0.785398
1 3 0.12977 -0.0117552
1 4 0.017224 -0.785398
2 0 0.0524798 -0.738197
2 1 0.122648 0.0310072
2 2 0.099237 -0.785398
2 3 0.0180618 0.329668
2 4 0.0158387 -0.615574
3 0 0.0699083 0.725985
3 1 0.0265845 0.785398
3 2 0.23481 0.785398
3 3 0.009234 0.785398
3 4 0.0259052 0.0919838
4 0 0.0365797 0.44138
4 1 0.0369027 -0.166382
4 2 0.0171606 0.330304
4 3 0.0911953 -0.785398
4 4 0.0598282 0.785398
5 0 0.0327814 0.785398
5 1 0.142683 0.785398
5 2 0.023662 0.785398
5 3 0.0966326 -0.00986054
5 4 0.0174194 -0.785398
6 0 0.057121 -0.640227
6 1 0.108514 0.214738
6 2 0.129782 -0.785398
6 3 0.0159143 0.395118
6 4 0.0157662 -0.561395
7 0 0.0475557 -0.58171
7 1 0.0200721 -0.785398
7 2 0.0222408 -0.313966
7 3 0.0157762 0.785398
7 4 2.83016 -0.785398
8 0 0.0288012 0.655795
8 1 0.0384463 0.105879
8 2 0.0153562 0.486484
8 3 0.260534 -0.785398
8 4 0.0351978 0.785398
9 0 0.0314919 0.785398
9 1 0.0901854 0.771924
9 2 0.0204385 0.785398
9 3 0.322905 -0.0173214
9 4 0.0209396 -0.785398

******************** ITERATION *******************
--- asteroids vs asteroids ---
0 1 0.00984807 -0.785398
0 2 0.0130306 0.124835
0 3 0.0021405 0.785398
0 4 0.00623708 -0.482555
1 2 0.00588278 0.785398
1 3 0.00394682 0.502746
1 4 0.00254147 -0.785398
2 3 0.00133717 0.710968
2 4 0.00260963 -0.23623
3 4 0.00196363 0.785398
--- asteroids vs planets ---
0 0 0.0421578 -0.11578
0 1 0.0240514 -0.618514
0 2 0.0183009 -0.0259822
0 3 0.0262768 -0.785398
0 4 0.346909 0.785398
1 0 0.0299976 0.785398
1 1 0.112245 0.785398
1 2 0.0206067 0.785398
1 3 0.129771 -0.0117539
1 4 0.0172242 -0.785398
2 0 0.0524799 -0.738198
2 1 0.122649 0.0310058
2 2 0.099237 -0.785398
2 3 0.0180618 0.329669
2 4 0.0158389 -0.615574
3 0 0.0699085 0.725986
3 1 0.0265845 0.785398
3 2 0.234811 0.785398
3 3 0.00923401 0.785398
3 4 0.0259055 0.0919883
4 0 0.0365796 0.44138
4 1 0.0369025 -0.166381
4 2 0.0171605 0.330303
4 3 0.0911949 -0.785398
4 4 0.0598287 0.785398
5 0 0.0327814 0.785398
5 1 0.142682 0.785398
5 2 0.023662 0.785398
5 3 0.0966335 -0.00985938
5 4 0.0174196 -0.785398
6 0 0.0571211 -0.640228
6 1 0.108515 0.214738
6 2 0.129782 -0.785398
6 3 0.0159143 0.395119
6 4 0.0157664 -0.561395
7 0 0.0475556 -0.58171
7 1 0.020072 -0.785398
7 2 0.0222408 -0.313966
7 3 0.0157762 0.785398
7 4 2.82985 -0.785398
8 0 0.0288012 0.655795
8 1 0.0384462 0.10588
8 2 0.0153562 0.486484
8 3 0.260532 -0.785398
8 4 0.035198 0.785398
9 0 0.0314918 0.785398
9 1 0.0901849 0.771923
9 2 0.0204385 0.785398
9 3 0.32291 -0.0173195
9 4 0.0209398 -0.785398

******************** ITERATION *******************
--- asteroids vs asteroids ---
0 1 0.00984809 -0.785398
0 2 0.0130305 0.124835
0 3 0.0021405 0.785398
0 4 0.00623719 -0.482553
1 2 0.00588279 0.785398
1 3 0.00394681 0.502748
1 4 0.0025415 -0.785398
2 3 0.00133717 0.710969
2 4 0.00260965 -0.236227
3 4 0.00196364 0.785398
--- asteroids vs planets ---
0 0 0.0421577 -0.11578
0 1 0.0240514 -0.618512
0 2 0.0183009 -0.0259821
0 3 0.0262768 -0.785398
0 4 0.346908 0.785398
1 0 0.0299976 0.785398
1 1 0.112245 0.785398
1 2 0.0206066 0.785398
1 3 0.129773 -0.0117525
1 4 0.0172244 -0.785398
2 0 0.05248 -0.738199
2 1 0.12265 0.0310044
2 2 0.099237 -0.785398
2 3 0.0180619 0.32967
2 4 0.0158391 -0.615573
3 0 0.0699087 0.725987
3 1 0.0265846 0.785398
3 2 0.234811 0.785398
3 3 0.00923402 0.785398
3 4 0.0259057 0.0919928
4 0 0.0365795 0.44138
4 1 0.0369024 -0.16638
4 2 0.0171605 0.330303
4 3 0.0911945 -0.785398
4 4 0.0598291 0.785398
5 0 0.0327814 0.785398
5 1 0.142681 0.785398
5 2 0.023662 0.785398
5 3 0.0966343 -0.00985819
5 4 0.0174198 -0.785398
6 0 0.0571213 -0.640229
6 1 0.108515 0.214737
6 2 0.129782 -0.785398
6 3 0.0159144 0.395121
6 4 0.0157665 -0.561394
7 0 0.0475556 -0.581709
7 1 0.020072 -0.785398
7 2 0.0222407 -0.313966
7 3 0.0157762 0.785398
7 4 2.82953 -0.785398
8 0 0.0288011 0.655794
8 1 0.038446 0.10588
8 2 0.0153562 0.486483
8 3 0.26053 -0.785398
8 4 0.0351982 0.785398
9 0 0.0314918 0.785398
9 1 0.0901844 0.771922
9 2 0.0204385 0.785398
9 3 0.322915 -0.0173174
9 4 0.02094 -0.785398

******************** ITERATION *******************
--- asteroids vs asteroids ---
0 1 0.00984811 -0.785398
0 2 0.0130305 0.124835
0 3 0.0021405 0.785398
0 4 0.00623732 -0.48255
1 2 0.00588281 0.785398
1 3 0.00394681 0.50275
1 4 0.00254154 -0.785398
2 3 0.00133717 0.71097
2 4 0.00260968 -0.236224
3 4 0.00196365 0.785398
--- asteroids vs planets ---
0 0 0.0421576 -0.115779
0 1 0.0240513 -0.618511
0 2 0.0183009 -0.0259819
0 3 0.0262767 -0.785398
0 4 0.346907 0.785398
1 0 0.0299976 0.785398
1 1 0.112244 0.785398
1 2 0.0206066 0.785398
1 3 0.129774 -0.011751
1 4 0.0172245 -0.785398
2 0 0.0524801 -0.7382
2 1 0.122651 0.0310029
2 2 0.099237 -0.785398
2 3 0.018062 0.329671
2 4 0.0158392 -0.615573
3 0 0.0699089 0.725988
3 1 0.0265847 0.785398
3 2 0.234811 0.785398
3 3 0.00923404 0.785398
3 4 0.025906 0.0919974
4 0 0.0365795 0.441379
4 1 0.0369023 -0.166379
4 2 0.0171605 0.330303
4 3 0.0911941 -0.785398
4 4 0.0598296 0.785398
5 0 0.0327814 0.785398
5 1 0.14268 0.785398
5 2 0.0236619 0.785398
5 3 0.0966351 -0.00985697
5 4 0.0174199 -0.785398
6 0 0.0571214 -0.64023
6 1 0.108516 0.214736
6 2 0.129782 -0.785398
6 3 0.0159144 0.395122
6 4 0.0157667 -0.561394
7 0 0.0475554 -0.581708
7 1 0.020072 -0.785398
7 2 0.0222407 -0.313965
7 3 0.0157762 0.785398
7 4 2.8292 -0.785398
8 0 0.0288011 0.655794
8 1 0.0384459 0.105881
8 2 0.0153561 0.486483
8 3 0.260527 -0.785398
8 4 0.0351985 0.785398
9 0 0.0314918 0.785398
9 1 0.0901838 0.771921
9 2 0.0204385 0.785398
9 3 0.32292 -0.0173153
9 4 0.0209402 -0.785398

******************** ITERATION *******************
--- asteroids vs asteroids ---
0 1 0.00984813 -0.785398
0 2 0.0130305 0.124835
0 3 0.0021405 0.785398
0 4 0.00623744 -0.482548
1 2 0.00588282 0.785398
1 3 0.00394681 0.502752
1 4 0.00254157 -0.785398
2 3 0.00133717 0.710971
2 4 0.00260971 -0.236221
3 4 0.00196366 0.785398
--- asteroids vs planets ---
0 0 0.0421575 -0.115779
0 1 0.0240513 -0.618509
0 2 0.0183008 -0.0259818
0 3 0.0262767 -0.785398
0 4 0.346906 0.785398
1 0 0.0299976 0.785398
1 1 0.112243 0.785398
1 2 0.0206066 0.785398
1 3 0.129776 -0.0117495
1 4 0.0172247 -0.785398
2 0 0.0524802 -0.738201
2 1 0.122651 0.0310014
2 2 0.0992371 -0.785398
2 3 0.018062 0.329672
2 4 0.0158394 -0.615573
3 0 0.0699091 0.725989
3 1 0.0265848 0.785398
3 2 0.234811 0.785398
3 3 0.00923405 0.785398
3 4 0.0259063 0.0920022
4 0 0.0365794 0.441379
4 1 0.0369021 -0.166378
4 2 0.0171604 0.330303
4 3 0.0911937 -0.785398
4 4 0.0598301 0.785398
5 0 0.0327814 0.785398
5 1 0.142679 0.785398
5 2 0.0236619 0.785398
5 3 0.096636 -0.00985571
5 4 0.0174201 -0.785398
6 0 0.0571215 -0.640231
6 1 0.108517 0.214735
6 2 0.129782 -0.785398
6 3 0.0159145 0.395123
6 4 0.0157669 -0.561394
7 0 0.0475553 -0.581707
7 1 0.020072 -0.785398
7 2 0.0222406 -0.313965
7 3 0.0157762 0.785398
7 4 2.82886 -0.785398
8 0 0.028801 0.655793
8 1 0.0384457 0.105882
8 2 0.0153561 0.486483
8 3 0.260525 -0.785398
8 4 0.0351987 0.785398
9 0 0.0314918 0.785398
9 1 0.0901833 0.77192
9 2 0.0204384 0.785398
9 3 0.322925 -0.0173132
9 4 0.0209404 -0.785398

******************** ITERATION *******************
--- asteroids vs asteroids ---
0 1 0.00984815 -0.785398
0 2 0.0130305 0.124835
0 3 0.0021405 0.785398
0 4 0.00623757 -0.482545
1 2 0.00588284 0.785398
1 3 0.00394681 0.502754
1 4 0.0025416 -0.785398
2 3 0.00133717 0.710972
2 4 0.00260974 -0.236218
3 4 0.00196368 0.785398
--- asteroids vs planets ---
0 0 0.0421573 -0.115779
0 1 0.0240512 -0.618507
0 2 0.0183008 -0.0259817
0 3 0.0262766 -0.785398
0 4 0.346905 0.785398
1 0 0.0299975 0.785398
1 1 0.112242 0.785398
1 2 0.0206066 0.785398
1 3 0.129777 -0.011748
1 4 0.0172249 -0.785398
2 0 0.0524803 -0.738202
2 1 0.122652 0.0309999
2 2 0.0992371 -0.785398
2 3 0.0180621 0.329673
2 4 0.0158396 -0.615573
3 0 0.0699093 0.72599
3 1 0.0265848 0.785398
3 2 0.234811 0.785398
3 3 0.00923406 0.785398
3 4 0.0259066 0.0920071
4 0 0.0365793 0.441378
4 1 0.036902 -0.166376
4 2 0.0171604 0.330303
4 3 0.0911933 -0.785398
4 4 0.0598306 0.785398
5 0 0.0327813 0.785398
5 1 0.142678 0.785398
5 2 0.0236619 0.785398
5 3 0.0966369 -0.00985443
5 4 0.0174203 -0.785398
6 0 0.0571217 -0.640232
6 1 0.108518 0.214735
6 2 0.129782 -0.785398
6 3 0.0159145 0.395124
6 4 0.0157671 -0.561393
7 0 0.0475552 -0.581706
7 1 0.020072 -0.785398
7 2 0.0222406 -0.313964
7 3 0.0157762 0.785398
7 4 2.82852 -0.785398
8 0 0.028801 0.655793
8 1 0.0384455 0.105882
8 2 0.0153561 0.486483
8 3 0.260522 -0.785398
8 4 0.035199 0.785398
9 0 0.0314917 0.785398
9 1 0.0901827 0.771919
9 2 0.0204384 0.785398
9 3 0.32293 -0.017311
9 4 0.0209406 -0.785398

******************** ITERATION *******************
--- asteroids vs asteroids ---
0 1 0.00984818 -0.785398
0 2 0.0130305 0.124835
0 3 0.0021405 0.785398
0 4 0.0062377 -0.482542
1 2 0.00588285 0.785398
1 3 0.00394681 0.502756
1 4 0.00254164 -0.785398
2 3 0.00133718 0.710973
2 4 0.00260977 -0.236215
3 4 0.00196369 0.785398
--- asteroids vs planets ---
0 0 0.0421572 -0.115778
0 1 0.0240512 -0.618506
0 2 0.0183008 -0.0259816
0 3 0.0262766 -0.785398
0 4 0.346905 0.785398
1 0 0.0299975 0.785398
1 1 0.112242 0.785398
1 2 0.0206065 0.785398
1 3 0.129778 -0.0117465
1 4 0.017225 -0.785398
2 0 0.0524804 -0.738203
2 1 0.122653 0.0309983
2 2 0.0992371 -0.785398
2 3 0.0180621 0.329675
2 4 0.0158398 -0.615573
3 0 0.0699095 0.725991
3 1 0.0265849 0.785398
3 2 0.234812 0.785398
3 3 0.00923407 0.785398
3 4 0.0259069 0.0920121
4 0 0.0365792 0.441378
4 1 0.0369019 -0.166375
4 2 0.0171604 0.330303
4 3 0.0911929 -0.785398
4 4 0.0598311 0.785398
5 0 0.0327813 0.785398
5 1 0.142677 0.785398
5 2 0.0236618 0.785398
5 3 0.0966378 -0.00985312
5 4 0.0174205 -0.785398
6 0 0.0571218 -0.640233
6 1 0.108519 0.214734
6 2 0.129782 -0.785398
6 3 0.0159146 0.395125
6 4 0.0157673 -0.561393
7 0 0.0475551 -0.581705
7 1 0.020072 -0.785398
7 2 0.0222406 -0.313964
7 3 0.0157762 0.785398
7 4 2.82817 -0.785398
8 0 0.0288009 0.655792
8 1 0.0384454 0.105883
8 2 0.0153561 0.486482
8 3 0.26052 -0.785398
8 4 0.0351992 0.785398
9 0 0.0314917 0.785398
9 1 0.0901821 0.771918
9 2 0.0204384 0.785398
9 3 0.322936 -0.0173088
9 4 0.0209408 -0.785398

******************** ITERATION *******************
--- asteroids vs asteroids ---
0 1 0.0098482 -0.785398
0 2 0.0130305 0.124835
0 3 0.0021405 0.785398
0 4 0.00623783 -0.48254
1 2 0.00588287 0.785398
1 3 0.00394681 0.502758
1 4 0.00254167 -0.785398
2 3 0.00133718 0.710974
2 4 0.0026098 -0.236212
3 4 0.0019637 0.785398
--- asteroids vs planets ---
0 0 0.0421571 -0.115778
0 1 0.0240512 -0.618504
0 2 0.0183007 -0.0259814
0 3 0.0262765 -0.785398
0 4 0.346904 0.785398
1 0 0.0299975 0.785398
1 1 0.112241 0.785398
1 2 0.0206065 0.785398
1 3 0.12978 -0.0117449
1 4 0.0172252 -0.785398
2 0 0.0524806 -0.738204
2 1 0.122654 0.0309967
2 2 0.0992371 -0.785398
2 3 0.0180622 0.329676
2 4 0.01584 -0.615573
3 0 0.0699097 0.725992
3 1 0.026585 0.785398
3 2 0.234812 0.785398
3 3 0.00923408 0.785398
3 4 0.0259072 0.0920172
4 0 0.0365791 0.441377
4 1 0.0369017 -0.166374
4 2 0.0171604 0.330302
4 3 0.0911924 -0.785398
4 4 0.0598316 0.785398
5 0 0.0327813 0.785398
5 1 0.142676 0.785398
5 2 0.0236618 0.785398
5 3 0.0966387 -0.00985178
5 4 0.0174207 -0.785398
6 0 0.0571219 -0.640234
6 1 0.10852 0.214733
6 2 0.129782 -0.785398
6 3 0.0159146 0.395127
6 4 0.0157674 -0.561392
7 0 0.047555 -0.581704
7 1 0.020072 -0.785398
7 2 0.0222405 -0.313964
7 3 0.0157761 0.785398
7 4 2.82781 -0.785398
8 0 0.0288008 0.655792
8 1 0.0384452 0.105884
8 2 0.015356 0.486482
8 3 0.260517 -0.785398
8 4 0.0351995 0.785398
9 0 0.0314917 0.785398
9 1 0.0901815 0.771916
9 2 0.0204384 0.785398
9 3 0.322941 -0.0173065
9 4 0.020941 -0.785398

******************** ITERATION *******************
--- asteroids vs asteroids ---
0 1 0.00984823 -0.785398
0 2 0.0130305 0.124835
0 3 0.00214051 0.785398
0 4 0.00623797 -0.482537
1 2 0.00588289 0.785398
1 3 0.00394681 0.50276
1 4 0.00254171 -0.785398
2 3 0.00133718 0.710975
2 4 0.00260983 -0.236208
3 4 0.00196371 0.785398
--- asteroids vs planets ---
0 0 0.042157 -0.115778
0 1 0.0240511 -0.618502
0 2 0.0183007 -0.0259813
0 3 0.0262765 -0.785398
0 4 0.346903 0.785398
1 0 0.0299975 0.785398
1 1 0.11224 0.785398
1 2 0.0206065 0.785398
1 3 0.129781 -0.0117432
1 4 0.0172254 -0.785398
2 0 0.0524807 -0.738205
2 1 0.122655 0.030995
2 2 0.0992371 -0.785398
2 3 0.0180623 0.329677
2 4 0.0158402 -0.615573
3 0 0.0699099 0.725993
3 1 0.0265851 0.785398
3 2 0.234812 0.785398
3 3 0.00923409 0.785398
3 4 0.0259075 0.0920225
4 0 0.036579 0.441377
4 1 0.0369016 -0.166372
4 2 0.0171603 0.330302
4 3 0.091192 -0.785398
4 4 0.0598321 0.785398
5 0 0.0327813 0.785398
5 1 0.142675 0.785398
5 2 0.0236618 0.785398
5 3 0.0966397 -0.0098504
5 4 0.0174208 -0.785398
6 0 0.0571221 -0.640235
6 1 0.10852 0.214732
6 2 0.129782 -0.785398
6 3 0.0159147 0.395128
6 4 0.0157676 -0.561392
7 0 0.0475549 -0.581703
7 1 0.0200719 -0.785398
7 2 0.0222405 -0.313963
7 3 0.0157761 0.785398
7 4 2.82744 -0.785398
8 0 0.0288008 0.655791
8 1 0.038445 0.105885
8 2 0.015356 0.486482
8 3 0.260514 -0.785398
8 4 0.0351998 0.785398
9 0 0.0314916 0.785398
9 1 0.0901809 0.771915
9 2 0.0204383 0.785398
9 3 0.322947 -0.0173041
9 4 0.0209412 -0.785398

******************** ITERATION *******************
--- asteroids vs asteroids ---
0 1 0.00984825 -0.785398
0 2 0.0130305 0.124835
0 3 0.00214051 0.785398
0 4 0.00623811 -0.482534
1 2 0.0058829 0.785398
1 3 0.00394681 0.502762
1 4 0.00254175 -0.785398
2 3 0.00133718 0.710976
2 4 0.00260987 -0.236205
3 4 0.00196373 0.785398
--- asteroids vs planets ---
0 0 0.0421569 -0.115777
0 1 0.0240511 -0.618501
0 2 0.0183007 -0.0259811
0 3 0.0262764 -0.785398
0 4 0.346902 0.785398
1 0 0.0299974 0.785398
1 1 0.112239 0.785398
1 2 0.0206065 0.785398
1 3 0.129783 -0.0117416
1 4 0.0172256 -0.785398
2 0 0.0524808 -0.738207
2 1 0.122656 0.0309933
2 2 0.0992371 -0.785398
2 3 0.0180623 0.329678
2 4 0.0158404 -0.615573
3 0 0.0699101 0.725994
3 1 0.0265852 0.785398
3 2 0.234812 0.785398
3 3 0.00923411 0.785398
3 4 0.0259078 0.0920278
4 0 0.0365789 0.441377
4 1 0.0369014 -0.166371
4 2 0.0171603 0.330302
4 3 0.0911915 -0.785398
4 4 0.0598327 0.785398
5 0 0.0327813 0.785398
5 1 0.142674 0.785398
5 2 0.0236617 0.785398
5 3 0.0966407 -0.009849
5 4 0.017421 -0.785398
6 0 0.0571222 -0.640236
6 1 0.108521 0.214731
6 2 0.129782 -0.785398
6 3 0.0159147 0.395129
6 4 0.0157678 -0.561391
7 0 0.0475548 -0.581702
7 1 0.0200719 -0.785398
7 2 0.0222404 -0.313963
7 3 0.0157761 0.785398
7 4 2.82706 -0.785398
8 0 0.0288007 0.65579
8 1 0.0384448 0.105885
8 2 0.015356 0.486481
8 3 0.260512 -0.785398
8 4 0.0352 0.785398
9 0 0.0314916 0.785398
9 1 0.0901803 0.771914
9 2 0.0204383 0.785398
9 3 0.322952 -0.0173017
9 4 0.0209414 -0.785398

******************** ITERATION *******************
--- asteroids vs asteroids ---
0 1 0.00984828 -0.785398
0 2 0.0130305 0.124835
0 3 0.00214051 0.785398
0 4 0.00623825 -0.482531
1 2 0.00588292 0.785398
1 3 0.00394681 0.502765
1 4 0.00254179 -0.785398
2 3 0.00133718 0.710977
2 4 0.0026099 -0.236201
3 4 0.00196374 0.785398
--- asteroids vs planets ---
0 0 0.0421567 -0.115777
0 1 0.024051 -0.618499
0 2 0.0183006 -0.025981
0 3 0.0262764 -0.785398
0 4 0.346901 0.785398
1 0 0.0299974 0.785398
1 1 0.112238 0.785398
1 2 0.0206064 0.785398
1 3 0.129785 -0.0117399
1 4 0.0172258 -0.785398
2 0 0.0524809 -0.738208
2 1 0.122657 0.0309916
2 2 0.0992371 -0.785398
2 3 0.0180624 0.32968
2 4 0.0158406 -0.615573
3 0 0.0699103 0.725996
3 1 0.0265852 0.785398
3 2 0.234812 0.785398
3 3 0.00923412 0.785398
3 4 0.0259081 0.0920333
4 0 0.0365788 0.441376
4 1 0.0369013 -0.16637
4 2 0.0171603 0.330302
4 3 0.0911911 -0.785398
4 4 0.0598332 0.785398
5 0 0.0327812 0.785398
5 1 0.142673 0.785398
5 2 0.0236617 0.785398
5 3 0.0966417 -0.00984756
5 4 0.0174212 -0.785398
6 0 0.0571224 -0.640238
6 1 0.108522 0.21473
6 2 0.129782 -0.785398
6 3 0.0159148 0.395131
6 4 0.0157681 -0.561391
7 0 0.0475547 -0.581701
7 1 0.0200719 -0.785398
7 2 0.0222404 -0.313962
7 3 0.0157761 0.785398
7 4 2.82668 -0.785398
8 0 0.0288007 0.65579
8 1 0.0384446 0.105886
8 2 0.015356 0.486481
8 3 0.260509 -0.785398
8 4 0.0352003 0.785398
9 0 0.0314916 0.785398
9 1 0.0901796 0.771913
9 2 0.0204383 0.785398
9 3 0.322958 -0.0172993
9 4 0.0209416 -0.785398

******************** ITERATION *******************
--- asteroids vs asteroids ---
0 1 0.0098483 -0.785398
0 2 0.0130305 0.124835
0 3 0.00214051 0.785398
0 4 0.0062384 -0.482528
1 2 0.00588294 0.785398
1 3 0.0039468 0.502767
1 4 0.00254183 -0.785398
2 3 0.00133718 0.710979
2 4 0.00260993 -0.236198
3 4 0.00196376 0.785398
--- asteroids vs planets ---
0 0 0.0421566 -0.115777
0 1 0.0240509 -0.618497
0 2 0.0183006 -0.0259808
0 3 0.0262763 -0.785398
0 4 0.3469 0.785398
1 0 0.0299974 0.785398
1 1 0.112237 0.785398
1 2 0.0206064 0.785398
1 3 0.129786 -0.0117381
1 4 0.017226 -0.785398
2 0 0.052481 -0.738209
2 1 0.122658 0.0309898
2 2 0.0992371 -0.785398
2 3 0.0180625 0.329681
2 4 0.0158408 -0.615573
3 0 0.0699106 0.725997
3 1 0.0265853 0.785398
3 2 0.234813 0.785398
3 3 0.00923413 0.785398
3 4 0.0259085 0.0920389
4 0 0.0365787 0.441376
4 1 0.0369011 -0.166368
4 2 0.0171602 0.330302
4 3 0.0911906 -0.785398
4 4 0.0598338 0.785398
5 0 0.0327812 0.785398
5 1 0.142672 0.785398
5 2 0.0236617 0.785398
5 3 0.0966427 -0.0098461
5 4 0.0174214 -0.785398
6 0 0.0571225 -0.640239
6 1 0.108523 0.214729
6 2 0.129782 -0.785398
6 3 0.0159148 0.395132
6 4 0.0157683 -0.561391
7 0 0.0475545 -0.5817
7 1 0.0200719 -0.785398
7 2 0.0222403 -0.313962
7 3 0.0157761 0.785398
7 4 2.82629 -0.785398
8 0 0.0288006 0.655789
8 1 0.0384444 0.105887
8 2 0.0153559 0.486481
8 3 0.260506 -0.785398
8 4 0.0352006 0.785398
9 0 0.0314915 0.785398
9 1 0.0901789 0.771911
9 2 0.0204382 0.785398
9 3 0.322964 -0.0172968
9 4 0.0209418 -0.785398

******************** ITERATION *******************
--- asteroids vs asteroids ---
0 1 0.00984833 -0.785398
0 2 0.0130305 0.124835
0 3 0.00214051 0.785398
0 4 0.00623855 -0.482525
1 2 0.00588296 0.785398
1 3 0.0039468 0.502769
1 4 0.00254187 -0.785398
2 3 0.00133718 0.71098
2 4 0.00260997 -0.236194
3 4 0.00196377 0.785398
--- asteroids vs planets ---
0 0 0.0421565 -0.115776
0 1 0.0240509 -0.618495
0 2 0.0183006 -0.0259807
0 3 0.0262762 -0.785398
0 4 0.346899 0.785398
1 0 0.0299974 0.785398
1 1 0.112237 0.785398
1 2 0.0206064 0.785398
1 3 0.129788 -0.0117364
1 4 0.0172262 -0.785398
2 0 0.0524811 -0.73821
2 1 0.122659 0.030988
2 2 0.0992371 -0.785398
2 3 0.0180625 0.329682
2 4 0.015841 -0.615573
3 0 0.0699108 0.725998
3 1 0.0265854 0.785398
3 2 0.234813 0.785398
3 3 0.00923414 0.785398
3 4 0.0259088 0.0920446
4 0 0.0365786 0.441375
4 1 0.0369009 -0.166367
4 2 0.0171602 0.330301
4 3 0.0911901 -0.785398
4 4 0.0598343 0.785398
5 0 0.0327812 0.785398
5 1 0.142671 0.785398
5 2 0.0236616 0.785398
5 3 0.0966437 -0.0098446
5 4 0.0174217 -0.785398
6 0 0.0571227 -0.64024
6 1 0.108524 0.214728
6 2 0.129782 -0.785398
6 3 0.0159149 0.395134
6 4 0.0157685 -0.56139
7 0 0.0475544 -0.581699
7 1 0.0200719 -0.785398
7 2 0.0222403 -0.313961
7 3 0.0157761 0.785398
7 4 2.82588 -0.785398
8 0 0.0288005 0.655788
8 1 0.0384442 0.105888
8 2 0.0153559 0.48648
8 3 0.260503 -0.785398
8 4 0.0352009 0.785398
9 0 0.0314915 0.785398
9 1 0.0901783 0.77191
9 2 0.0204382 0.785398
9 3 0.32297 -0.0172942
9 4 0.0209421 -0.785398

******************** ITERATION *******************
